0.274535 -5 -5
0.618152 -5 -4
2.52348 -5 -3
1.46095 -5 -2
0.97646 -5 -1
6.46485 -5 0
0.399633 -5 1
0.776752 -5 2
0.556526 -5 3
1.23484 -5 4
1.3016 -5 5
2.86239 -4 -5
1.76871 -4 -4
1.5224 -4 -3
0.302551 -4 -2
0.326435 -4 -1
0.48587 -4 0
1.23556 -4 1
1.30228 -4 2
1.56842 -4 3
0.37249 -4 4
0.522508 -4 5
0.148589 -3 -5
1.47516 -3 -4
2.1 -3 -3
1.22156 -3 -2
1.2319 -3 -1
0.810378 -3 0
1.09228 -3 1
0.782794 -3 2
2.04844 -3 3
2.14543 -3 4
0.792818 -3 5
2.68535 -2 -5
2.07673 -2 -4
1.05504 -2 -3
1.86391 -2 -2
0.540057 -2 -1
5.17716 -2 0
3.57997 -2 1
3.06801 -2 2
0.47644 -2 3
0.692026 -2 4
0.439763 -2 5
1.61062 -1 -5
0.0957021 -1 -4
0.557538 -1 -3
1.18488 -1 -2
6.40751 -1 -1
1.39291 -1 0
0.660468 -1 1
2.95943 -1 2
0.742101 -1 3
0.900452 -1 4
0.844873 -1 5
0.315933 0 -5
7.96972 0 -4
11.2021 0 -3
0.989552 0 -2
1.05709 0 -1
3.35369 0 0
1.05924 0 1
0.980331 0 2
11.1958 0 3
7.97961 0 4
0.322419 0 5
0.844348 1 -5
0.900545 1 -4
0.740229 1 -3
2.9595 1 -2
0.661893 1 -1
1.38768 1 0
6.40769 1 1
1.1902 1 2
0.558533 1 3
0.0947457 1 4
1.61031 1 5
0.440597 2 -5
0.691994 2 -4
0.47428 2 -3
3.06519 2 -2
3.57805 2 -1
5.17992 2 0
0.543072 2 1
1.86344 2 2
1.05485 2 3
2.07524 2 4
2.68652 2 5
0.79331 3 -5
2.14429 3 -4
2.04968 3 -3
0.783665 3 -2
1.09226 3 -1
0.810251 3 0
1.23152 3 1
1.22077 3 2
2.09977 3 3
1.47693 3 4
0.149457 3 5
0.522305 4 -5
0.371539 4 -4
1.56757 4 -3
1.30259 4 -2
1.2363 4 -1
0.486697 4 0
0.326602 4 1
0.301463 4 2
1.52107 4 3
1.76749 4 4
2.86281 4 5
1.30308 5 -5
1.23552 5 -4
0.556944 5 -3
0.776895 5 -2
0.394462 5 -1
6.46432 5 0
0.981009 5 1
1.45955 5 2
2.52424 5 3
0.620197 5 4
0.275098 5 5
