5.00000e+00 6.00000e+01 -1.00000e+00 -1.00000e+00 0.00000e+00
5.30000e+01 1.20000e+01 1.00000e+00 1.00000e+00 0.00000e+00
5.00000e+00 1.08000e+02 1.00000e+00 1.00000e+00 1.00000e+00
2.90000e+01 6.00000e+01 -1.00000e+00 1.00000e+00 0.00000e+00
2.90000e+01 8.40000e+01 1.00000e+00 1.00000e+00 0.00000e+00
5.30000e+01 3.60000e+01 1.00000e+00 -1.00000e+00 0.00000e+00
5.30000e+01 6.00000e+01 -1.00000e+00 -1.00000e+00 0.00000e+00
7.70000e+01 1.20000e+01 1.00000e+00 -1.00000e+00 0.00000e+00
1.01000e+02 1.20000e+01 1.00000e+00 1.00000e+00 0.00000e+00
5.00000e+00 1.32000e+02 1.00000e+00 -1.00000e+00 1.00000e+00
5.00000e+00 1.56000e+02 1.00000e+00 1.00000e+00 1.00000e+00
2.90000e+01 1.08000e+02 -1.00000e+00 1.00000e+00 0.00000e+00
2.90000e+01 1.32000e+02 1.00000e+00 1.00000e+00 0.00000e+00
7.70000e+01 8.40000e+01 -1.00000e+00 -1.00000e+00 0.00000e+00
1.01000e+02 3.60000e+01 -1.00000e+00 1.00000e+00 0.00000e+00
1.01000e+02 6.00000e+01 1.00000e+00 1.00000e+00 0.00000e+00
1.25000e+02 1.20000e+01 1.00000e+00 -1.00000e+00 0.00000e+00
1.25000e+02 3.60000e+01 -1.00000e+00 -1.00000e+00 0.00000e+00
5.00000e+00 1.80000e+02 1.00000e+00 -1.00000e+00 0.00000e+00
2.90000e+01 1.80000e+02 1.00000e+00 1.00000e+00 0.00000e+00
5.30000e+01 1.32000e+02 1.00000e+00 -1.00000e+00 0.00000e+00
7.70000e+01 1.08000e+02 1.00000e+00 -1.00000e+00 0.00000e+00
7.70000e+01 1.32000e+02 -1.00000e+00 -1.00000e+00 0.00000e+00
1.01000e+02 8.40000e+01 -1.00000e+00 1.00000e+00 0.00000e+00
1.25000e+02 8.40000e+01 -1.00000e+00 -1.00000e+00 0.00000e+00
1.49000e+02 3.60000e+01 -1.00000e+00 1.00000e+00 0.00000e+00
1.73000e+02 1.20000e+01 1.00000e+00 -1.00000e+00 0.00000e+00
1.73000e+02 3.60000e+01 -1.00000e+00 -1.00000e+00 0.00000e+00
5.00000e+00 2.52000e+02 1.00000e+00 1.00000e+00 0.00000e+00
5.30000e+01 1.80000e+02 1.00000e+00 -1.00000e+00 0.00000e+00
5.30000e+01 2.04000e+02 -1.00000e+00 -1.00000e+00 0.00000e+00
7.70000e+01 1.56000e+02 1.00000e+00 -1.00000e+00 0.00000e+00
1.01000e+02 1.56000e+02 1.00000e+00 1.00000e+00 0.00000e+00
1.49000e+02 8.40000e+01 1.00000e+00 -1.00000e+00 0.00000e+00
1.49000e+02 1.08000e+02 -1.00000e+00 -1.00000e+00 0.00000e+00
1.73000e+02 6.00000e+01 1.00000e+00 -1.00000e+00 0.00000e+00
1.97000e+02 6.00000e+01 1.00000e+00 1.00000e+00 0.00000e+00
2.45000e+02 1.20000e+01 1.00000e+00 1.00000e+00 0.00000e+00
5.00000e+00 3.00000e+02 -1.00000e+00 -1.00000e+00 0.00000e+00
2.90000e+01 2.52000e+02 -1.00000e+00 1.00000e+00 0.00000e+00
2.90000e+01 2.76000e+02 1.00000e+00 1.00000e+00 0.00000e+00
5.30000e+01 2.28000e+02 1.00000e+00 -1.00000e+00 0.00000e+00
5.30000e+01 2.52000e+02 -1.00000e+00 -1.00000e+00 0.00000e+00
7.70000e+01 2.04000e+02 1.00000e+00 -1.00000e+00 0.00000e+00
1.01000e+02 2.04000e+02 1.00000e+00 1.00000e+00 0.00000e+00
1.25000e+02 1.56000e+02 1.00000e+00 -1.00000e+00 0.00000e+00
1.25000e+02 1.80000e+02 -1.00000e+00 -1.00000e+00 0.00000e+00
1.49000e+02 1.32000e+02 1.00000e+00 -1.00000e+00 0.00000e+00
1.49000e+02 1.56000e+02 -1.00000e+00 -1.00000e+00 0.00000e+00
1.73000e+02 1.08000e+02 1.00000e+00 -1.00000e+00 0.00000e+00
1.97000e+02 1.08000e+02 1.00000e+00 1.00000e+00 0.00000e+00
2.21000e+02 6.00000e+01 1.00000e+00 -1.00000e+00 0.00000e+00
2.21000e+02 8.40000e+01 -1.00000e+00 -1.00000e+00 0.00000e+00
2.45000e+02 3.60000e+01 -1.00000e+00 1.00000e+00 0.00000e+00
2.45000e+02 6.00000e+01 1.00000e+00 1.00000e+00 0.00000e+00
2.69000e+02 1.20000e+01 -1.00000e+00 1.00000e+00 0.00000e+00
2.93000e+02 1.20000e+01 -1.00000e+00 -1.00000e+00 0.00000e+00
5.00000e+00 3.24000e+02 1.00000e+00 -1.00000e+00 0.00000e+00
5.00000e+00 3.48000e+02 -1.00000e+00 -1.00000e+00 0.00000e+00
2.90000e+01 3.00000e+02 -1.00000e+00 1.00000e+00 0.00000e+00
2.90000e+01 3.24000e+02 1.00000e+00 1.00000e+00 0.00000e+00
7.70000e+01 2.76000e+02 -1.00000e+00 -1.00000e+00 0.00000e+00
1.01000e+02 2.28000e+02 -1.00000e+00 1.00000e+00 0.00000e+00
1.01000e+02 2.52000e+02 1.00000e+00 1.00000e+00 0.00000e+00
1.25000e+02 2.04000e+02 1.00000e+00 -1.00000e+00 0.00000e+00
1.25000e+02 2.28000e+02 -1.00000e+00 -1.00000e+00 0.00000e+00
1.73000e+02 1.80000e+02 -1.00000e+00 -1.00000e+00 0.00000e+00
1.97000e+02 1.32000e+02 -1.00000e+00 1.00000e+00 0.00000e+00
1.97000e+02 1.56000e+02 1.00000e+00 1.00000e+00 0.00000e+00
2.21000e+02 1.08000e+02 1.00000e+00 -1.00000e+00 0.00000e+00
2.21000e+02 1.32000e+02 -1.00000e+00 -1.00000e+00 0.00000e+00
2.69000e+02 8.40000e+01 1.00000e+00 1.00000e+00 0.00000e+00
2.93000e+02 3.60000e+01 1.00000e+00 -1.00000e+00 0.00000e+00
2.93000e+02 6.00000e+01 -1.00000e+00 -1.00000e+00 0.00000e+00
3.17000e+02 1.20000e+01 -1.00000e+00 1.00000e+00 0.00000e+00
3.17000e+02 3.60000e+01 1.00000e+00 1.00000e+00 0.00000e+00
5.00000e+00 3.72000e+02 1.00000e+00 -1.00000e+00 0.00000e+00
2.90000e+01 3.72000e+02 1.00000e+00 1.00000e+00 0.00000e+00
5.30000e+01 3.24000e+02 1.00000e+00 -1.00000e+00 0.00000e+00
7.70000e+01 3.00000e+02 -1.00000e+00 1.00000e+00 0.00000e+00
7.70000e+01 3.24000e+02 1.00000e+00 1.00000e+00 0.00000e+00
1.01000e+02 2.76000e+02 -1.00000e+00 1.00000e+00 0.00000e+00
1.25000e+02 2.76000e+02 -1.00000e+00 -1.00000e+00 0.00000e+00
1.49000e+02 2.28000e+02 -1.00000e+00 1.00000e+00 0.00000e+00
1.73000e+02 2.04000e+02 -1.00000e+00 1.00000e+00 0.00000e+00
1.73000e+02 2.28000e+02 1.00000e+00 1.00000e+00 0.00000e+00
1.97000e+02 1.80000e+02 -1.00000e+00 1.00000e+00 0.00000e+00
2.21000e+02 1.80000e+02 -1.00000e+00 -1.00000e+00 0.00000e+00
2.45000e+02 1.32000e+02 1.00000e+00 -1.00000e+00 1.00000e+00
2.69000e+02 1.08000e+02 -1.00000e+00 1.00000e+00 0.00000e+00
2.69000e+02 1.32000e+02 1.00000e+00 1.00000e+00 0.00000e+00
2.93000e+02 8.40000e+01 1.00000e+00 -1.00000e+00 0.00000e+00
3.17000e+02 8.40000e+01 1.00000e+00 1.00000e+00 0.00000e+00
3.41000e+02 3.60000e+01 1.00000e+00 -1.00000e+00 0.00000e+00
3.65000e+02 1.20000e+01 -1.00000e+00 1.00000e+00 0.00000e+00
3.65000e+02 3.60000e+01 1.00000e+00 1.00000e+00 0.00000e+00
5.00000e+00 4.44000e+02 -1.00000e+00 -1.00000e+00 0.00000e+00
5.30000e+01 3.72000e+02 1.00000e+00 -1.00000e+00 0.00000e+00
5.30000e+01 3.96000e+02 -1.00000e+00 -1.00000e+00 0.00000e+00
7.70000e+01 3.48000e+02 1.00000e+00 -1.00000e+00 0.00000e+00
1.01000e+02 3.48000e+02 1.00000e+00 1.00000e+00 0.00000e+00
1.49000e+02 2.76000e+02 -1.00000e+00 1.00000e+00 0.00000e+00
1.49000e+02 3.00000e+02 1.00000e+00 1.00000e+00 0.00000e+00
1.73000e+02 2.52000e+02 -1.00000e+00 1.00000e+00 0.00000e+00
1.97000e+02 2.52000e+02 -1.00000e+00 -1.00000e+00 0.00000e+00
2.45000e+02 1.80000e+02 -1.00000e+00 1.00000e+00 0.00000e+00
2.45000e+02 2.04000e+02 1.00000e+00 1.00000e+00 0.00000e+00
2.69000e+02 1.56000e+02 -1.00000e+00 1.00000e+00 0.00000e+00
2.93000e+02 1.56000e+02 -1.00000e+00 -1.00000e+00 0.00000e+00
3.41000e+02 8.40000e+01 -1.00000e+00 1.00000e+00 0.00000e+00
3.41000e+02 1.08000e+02 1.00000e+00 1.00000e+00 0.00000e+00
3.65000e+02 6.00000e+01 -1.00000e+00 1.00000e+00 0.00000e+00
3.89000e+02 6.00000e+01 -1.00000e+00 -1.00000e+00 0.00000e+00
4.37000e+02 1.20000e+01 -1.00000e+00 -1.00000e+00 0.00000e+00
5.00000e+00 4.92000e+02 -1.00000e+00 -1.00000e+00 0.00000e+00
2.90000e+01 4.44000e+02 -1.00000e+00 1.00000e+00 0.00000e+00
2.90000e+01 4.68000e+02 1.00000e+00 1.00000e+00 0.00000e+00
5.30000e+01 4.20000e+02 1.00000e+00 -1.00000e+00 0.00000e+00
5.30000e+01 4.44000e+02 -1.00000e+00 -1.00000e+00 0.00000e+00
7.70000e+01 3.96000e+02 1.00000e+00 -1.00000e+00 0.00000e+00
1.01000e+02 3.96000e+02 1.00000e+00 1.00000e+00 0.00000e+00
1.25000e+02 3.48000e+02 1.00000e+00 -1.00000e+00 0.00000e+00
1.25000e+02 3.72000e+02 -1.00000e+00 -1.00000e+00 0.00000e+00
1.49000e+02 3.24000e+02 -1.00000e+00 1.00000e+00 0.00000e+00
1.49000e+02 3.48000e+02 1.00000e+00 1.00000e+00 0.00000e+00
1.73000e+02 3.00000e+02 -1.00000e+00 1.00000e+00 0.00000e+00
1.97000e+02 3.00000e+02 -1.00000e+00 -1.00000e+00 0.00000e+00
2.21000e+02 2.52000e+02 -1.00000e+00 1.00000e+00 0.00000e+00
2.21000e+02 2.76000e+02 1.00000e+00 1.00000e+00 0.00000e+00
2.45000e+02 2.28000e+02 1.00000e+00 -1.00000e+00 0.00000e+00
2.45000e+02 2.52000e+02 -1.00000e+00 -1.00000e+00 0.00000e+00
2.69000e+02 2.04000e+02 1.00000e+00 -1.00000e+00 0.00000e+00
2.93000e+02 2.04000e+02 1.00000e+00 1.00000e+00 0.00000e+00
3.17000e+02 1.56000e+02 1.00000e+00 -1.00000e+00 0.00000e+00
3.17000e+02 1.80000e+02 -1.00000e+00 -1.00000e+00 0.00000e+00
3.41000e+02 1.32000e+02 -1.00000e+00 1.00000e+00 0.00000e+00
3.41000e+02 1.56000e+02 1.00000e+00 1.00000e+00 0.00000e+00
3.65000e+02 1.08000e+02 1.00000e+00 -1.00000e+00 0.00000e+00
3.89000e+02 1.08000e+02 1.00000e+00 1.00000e+00 0.00000e+00
4.13000e+02 6.00000e+01 -1.00000e+00 1.00000e+00 0.00000e+00
4.13000e+02 8.40000e+01 -1.00000e+00 -1.00000e+00 0.00000e+00
4.37000e+02 3.60000e+01 1.00000e+00 -1.00000e+00 0.00000e+00
4.37000e+02 6.00000e+01 -1.00000e+00 -1.00000e+00 0.00000e+00
4.61000e+02 1.20000e+01 -1.00000e+00 1.00000e+00 0.00000e+00
4.85000e+02 1.20000e+01 -1.00000e+00 -1.00000e+00 0.00000e+00
5.00000e+00 5.16000e+02 1.00000e+00 -1.00000e+00 0.00000e+00
5.00000e+00 5.40000e+02 -1.00000e+00 -1.00000e+00 0.00000e+00
2.90000e+01 4.92000e+02 -1.00000e+00 1.00000e+00 0.00000e+00
2.90000e+01 5.16000e+02 1.00000e+00 1.00000e+00 0.00000e+00
7.70000e+01 4.68000e+02 -1.00000e+00 -1.00000e+00 0.00000e+00
1.01000e+02 4.20000e+02 -1.00000e+00 1.00000e+00 0.00000e+00
1.01000e+02 4.44000e+02 1.00000e+00 1.00000e+00 0.00000e+00
1.25000e+02 3.96000e+02 1.00000e+00 -1.00000e+00 0.00000e+00
1.25000e+02 4.20000e+02 -1.00000e+00 -1.00000e+00 0.00000e+00
1.73000e+02 3.72000e+02 1.00000e+00 1.00000e+00 0.00000e+00
1.97000e+02 3.24000e+02 1.00000e+00 -1.00000e+00 0.00000e+00
1.97000e+02 3.48000e+02 -1.00000e+00 -1.00000e+00 0.00000e+00
2.21000e+02 3.00000e+02 -1.00000e+00 1.00000e+00 0.00000e+00
2.21000e+02 3.24000e+02 1.00000e+00 1.00000e+00 0.00000e+00
2.69000e+02 2.76000e+02 -1.00000e+00 -1.00000e+00 0.00000e+00
2.93000e+02 2.28000e+02 -1.00000e+00 1.00000e+00 0.00000e+00
2.93000e+02 2.52000e+02 1.00000e+00 1.00000e+00 0.00000e+00
3.17000e+02 2.04000e+02 1.00000e+00 -1.00000e+00 0.00000e+00
3.17000e+02 2.28000e+02 -1.00000e+00 -1.00000e+00 0.00000e+00
3.65000e+02 1.80000e+02 1.00000e+00 1.00000e+00 0.00000e+00
3.89000e+02 1.32000e+02 -1.00000e+00 1.00000e+00 0.00000e+00
3.89000e+02 1.56000e+02 1.00000e+00 1.00000e+00 0.00000e+00
4.13000e+02 1.08000e+02 1.00000e+00 -1.00000e+00 0.00000e+00
4.13000e+02 1.32000e+02 -1.00000e+00 -1.00000e+00 0.00000e+00
4.61000e+02 8.40000e+01 -1.00000e+00 -1.00000e+00 0.00000e+00
4.85000e+02 3.60000e+01 -1.00000e+00 1.00000e+00 0.00000e+00
4.85000e+02 6.00000e+01 1.00000e+00 1.00000e+00 0.00000e+00
5.09000e+02 1.20000e+01 -1.00000e+00 1.00000e+00 0.00000e+00
5.09000e+02 3.60000e+01 -1.00000e+00 -1.00000e+00 0.00000e+00
5.00000e+00 5.64000e+02 1.00000e+00 -1.00000e+00 0.00000e+00
2.90000e+01 5.64000e+02 1.00000e+00 1.00000e+00 0.00000e+00
5.30000e+01 5.16000e+02 1.00000e+00 -1.00000e+00 0.00000e+00
7.70000e+01 4.92000e+02 -1.00000e+00 1.00000e+00 0.00000e+00
7.70000e+01 5.16000e+02 1.00000e+00 1.00000e+00 0.00000e+00
1.01000e+02 4.68000e+02 -1.00000e+00 1.00000e+00 0.00000e+00
1.25000e+02 4.68000e+02 -1.00000e+00 -1.00000e+00 0.00000e+00
1.49000e+02 4.20000e+02 -1.00000e+00 1.00000e+00 0.00000e+00
1.73000e+02 3.96000e+02 1.00000e+00 -1.00000e+00 0.00000e+00
1.73000e+02 4.20000e+02 -1.00000e+00 -1.00000e+00 0.00000e+00
1.97000e+02 3.72000e+02 1.00000e+00 -1.00000e+00 0.00000e+00
2.21000e+02 3.72000e+02 -1.00000e+00 -1.00000e+00 0.00000e+00
2.45000e+02 3.24000e+02 1.00000e+00 -1.00000e+00 0.00000e+00
2.69000e+02 3.00000e+02 -1.00000e+00 1.00000e+00 0.00000e+00
2.69000e+02 3.24000e+02 1.00000e+00 1.00000e+00 0.00000e+00
2.93000e+02 2.76000e+02 -1.00000e+00 1.00000e+00 0.00000e+00
3.17000e+02 2.76000e+02 -1.00000e+00 -1.00000e+00 0.00000e+00
3.41000e+02 2.28000e+02 1.00000e+00 -1.00000e+00 0.00000e+00
3.65000e+02 2.04000e+02 -1.00000e+00 1.00000e+00 0.00000e+00
3.65000e+02 2.28000e+02 1.00000e+00 1.00000e+00 0.00000e+00
3.89000e+02 1.80000e+02 -1.00000e+00 1.00000e+00 0.00000e+00
4.13000e+02 1.80000e+02 1.00000e+00 1.00000e+00 0.00000e+00
4.37000e+02 1.32000e+02 -1.00000e+00 1.00000e+00 0.00000e+00
4.61000e+02 1.08000e+02 1.00000e+00 -1.00000e+00 0.00000e+00
4.61000e+02 1.32000e+02 -1.00000e+00 -1.00000e+00 0.00000e+00
4.85000e+02 8.40000e+01 -1.00000e+00 1.00000e+00 0.00000e+00
5.09000e+02 8.40000e+01 -1.00000e+00 -1.00000e+00 0.00000e+00
5.33000e+02 3.60000e+01 -1.00000e+00 1.00000e+00 0.00000e+00
5.57000e+02 1.20000e+01 -1.00000e+00 1.00000e+00 0.00000e+00
5.57000e+02 3.60000e+01 1.00000e+00 1.00000e+00 0.00000e+00
5.00000e+00 6.36000e+02 -1.00000e+00 -1.00000e+00 0.00000e+00
5.30000e+01 5.64000e+02 -1.00000e+00 1.00000e+00 0.00000e+00
5.30000e+01 5.88000e+02 1.00000e+00 1.00000e+00 1.00000e+00
7.70000e+01 5.40000e+02 -1.00000e+00 1.00000e+00 0.00000e+00
1.01000e+02 5.40000e+02 -1.00000e+00 -1.00000e+00 0.00000e+00
1.49000e+02 4.68000e+02 1.00000e+00 -1.00000e+00 0.00000e+00
1.49000e+02 4.92000e+02 -1.00000e+00 -1.00000e+00 0.00000e+00
1.73000e+02 4.44000e+02 1.00000e+00 -1.00000e+00 0.00000e+00
1.97000e+02 4.44000e+02 1.00000e+00 1.00000e+00 0.00000e+00
2.45000e+02 3.72000e+02 -1.00000e+00 1.00000e+00 0.00000e+00
2.45000e+02 3.96000e+02 1.00000e+00 1.00000e+00 0.00000e+00
2.69000e+02 3.48000e+02 -1.00000e+00 1.00000e+00 0.00000e+00
2.93000e+02 3.48000e+02 -1.00000e+00 -1.00000e+00 0.00000e+00
3.41000e+02 2.76000e+02 -1.00000e+00 1.00000e+00 0.00000e+00
3.41000e+02 3.00000e+02 1.00000e+00 1.00000e+00 0.00000e+00
3.65000e+02 2.52000e+02 -1.00000e+00 1.00000e+00 0.00000e+00
3.89000e+02 2.52000e+02 1.00000e+00 1.00000e+00 1.00000e+00
4.37000e+02 1.80000e+02 1.00000e+00 -1.00000e+00 0.00000e+00
4.37000e+02 2.04000e+02 -1.00000e+00 -1.00000e+00 0.00000e+00
4.61000e+02 1.56000e+02 1.00000e+00 -1.00000e+00 0.00000e+00
4.85000e+02 1.56000e+02 1.00000e+00 1.00000e+00 0.00000e+00
5.33000e+02 8.40000e+01 -1.00000e+00 1.00000e+00 0.00000e+00
5.33000e+02 1.08000e+02 1.00000e+00 1.00000e+00 0.00000e+00
5.57000e+02 6.00000e+01 -1.00000e+00 1.00000e+00 0.00000e+00
5.81000e+02 6.00000e+01 -1.00000e+00 -1.00000e+00 0.00000e+00
6.29000e+02 1.20000e+01 1.00000e+00 1.00000e+00 0.00000e+00
5.00000e+00 6.84000e+02 1.00000e+00 1.00000e+00 1.00000e+00
2.90000e+01 6.36000e+02 1.00000e+00 -1.00000e+00 0.00000e+00
2.90000e+01 6.60000e+02 -1.00000e+00 -1.00000e+00 0.00000e+00
5.30000e+01 6.12000e+02 -1.00000e+00 1.00000e+00 0.00000e+00
5.30000e+01 6.36000e+02 1.00000e+00 1.00000e+00 0.00000e+00
7.70000e+01 5.88000e+02 -1.00000e+00 1.00000e+00 0.00000e+00
1.01000e+02 5.88000e+02 -1.00000e+00 -1.00000e+00 0.00000e+00
1.25000e+02 5.40000e+02 -1.00000e+00 1.00000e+00 0.00000e+00
1.25000e+02 5.64000e+02 1.00000e+00 1.00000e+00 0.00000e+00
1.49000e+02 5.16000e+02 1.00000e+00 -1.00000e+00 0.00000e+00
1.49000e+02 5.40000e+02 -1.00000e+00 -1.00000e+00 0.00000e+00
1.73000e+02 4.92000e+02 -1.00000e+00 1.00000e+00 0.00000e+00
1.97000e+02 4.92000e+02 -1.00000e+00 -1.00000e+00 0.00000e+00
2.21000e+02 4.44000e+02 1.00000e+00 -1.00000e+00 0.00000e+00
2.21000e+02 4.68000e+02 1.00000e+00 1.00000e+00 0.00000e+00
2.45000e+02 4.20000e+02 -1.00000e+00 1.00000e+00 0.00000e+00
2.45000e+02 4.44000e+02 1.00000e+00 1.00000e+00 0.00000e+00
2.69000e+02 3.96000e+02 -1.00000e+00 1.00000e+00 0.00000e+00
2.93000e+02 3.96000e+02 -1.00000e+00 -1.00000e+00 0.00000e+00
3.17000e+02 3.48000e+02 -1.00000e+00 1.00000e+00 0.00000e+00
3.17000e+02 3.72000e+02 1.00000e+00 1.00000e+00 0.00000e+00
3.41000e+02 3.24000e+02 -1.00000e+00 1.00000e+00 0.00000e+00
3.41000e+02 3.48000e+02 1.00000e+00 1.00000e+00 0.00000e+00
3.65000e+02 3.00000e+02 -1.00000e+00 1.00000e+00 0.00000e+00
3.89000e+02 3.00000e+02 -1.00000e+00 -1.00000e+00 0.00000e+00
4.13000e+02 2.52000e+02 -1.00000e+00 1.00000e+00 0.00000e+00
4.13000e+02 2.76000e+02 1.00000e+00 1.00000e+00 0.00000e+00
4.37000e+02 2.28000e+02 1.00000e+00 -1.00000e+00 0.00000e+00
4.37000e+02 2.52000e+02 -1.00000e+00 -1.00000e+00 0.00000e+00
4.61000e+02 2.04000e+02 -1.00000e+00 1.00000e+00 0.00000e+00
4.85000e+02 2.04000e+02 1.00000e+00 1.00000e+00 0.00000e+00
5.09000e+02 1.56000e+02 1.00000e+00 -1.00000e+00 0.00000e+00
5.09000e+02 1.80000e+02 -1.00000e+00 -1.00000e+00 0.00000e+00
5.33000e+02 1.32000e+02 -1.00000e+00 1.00000e+00 0.00000e+00
5.33000e+02 1.56000e+02 1.00000e+00 1.00000e+00 0.00000e+00
5.57000e+02 1.08000e+02 -1.00000e+00 1.00000e+00 0.00000e+00
5.81000e+02 1.08000e+02 -1.00000e+00 -1.00000e+00 0.00000e+00
6.05000e+02 6.00000e+01 -1.00000e+00 1.00000e+00 0.00000e+00
6.05000e+02 8.40000e+01 1.00000e+00 1.00000e+00 0.00000e+00
6.29000e+02 3.60000e+01 -1.00000e+00 1.00000e+00 0.00000e+00
6.29000e+02 6.00000e+01 1.00000e+00 1.00000e+00 0.00000e+00
6.53000e+02 1.20000e+01 -1.00000e+00 1.00000e+00 0.00000e+00
6.77000e+02 1.20000e+01 -1.00000e+00 -1.00000e+00 0.00000e+00
5.00000e+00 7.08000e+02 -1.00000e+00 1.00000e+00 0.00000e+00
5.00000e+00 7.32000e+02 1.00000e+00 1.00000e+00 1.00000e+00
2.90000e+01 6.84000e+02 1.00000e+00 -1.00000e+00 0.00000e+00
2.90000e+01 7.08000e+02 -1.00000e+00 -1.00000e+00 0.00000e+00
7.70000e+01 6.60000e+02 1.00000e+00 1.00000e+00 1.00000e+00
1.01000e+02 6.12000e+02 1.00000e+00 -1.00000e+00 0.00000e+00
1.01000e+02 6.36000e+02 -1.00000e+00 -1.00000e+00 0.00000e+00
1.25000e+02 5.88000e+02 -1.00000e+00 1.00000e+00 0.00000e+00
1.25000e+02 6.12000e+02 1.00000e+00 1.00000e+00 0.00000e+00
1.73000e+02 5.64000e+02 1.00000e+00 1.00000e+00 0.00000e+00
1.97000e+02 5.16000e+02 1.00000e+00 -1.00000e+00 0.00000e+00
1.97000e+02 5.40000e+02 -1.00000e+00 -1.00000e+00 0.00000e+00
2.21000e+02 4.92000e+02 -1.00000e+00 1.00000e+00 0.00000e+00
2.21000e+02 5.16000e+02 1.00000e+00 1.00000e+00 0.00000e+00
2.69000e+02 4.68000e+02 1.00000e+00 1.00000e+00 0.00000e+00
2.93000e+02 4.20000e+02 1.00000e+00 -1.00000e+00 0.00000e+00
2.93000e+02 4.44000e+02 -1.00000e+00 -1.00000e+00 0.00000e+00
3.17000e+02 3.96000e+02 -1.00000e+00 1.00000e+00 0.00000e+00
3.17000e+02 4.20000e+02 1.00000e+00 1.00000e+00 0.00000e+00
3.65000e+02 3.72000e+02 1.00000e+00 1.00000e+00 0.00000e+00
3.89000e+02 3.24000e+02 1.00000e+00 -1.00000e+00 0.00000e+00
3.89000e+02 3.48000e+02 -1.00000e+00 -1.00000e+00 0.00000e+00
4.13000e+02 3.00000e+02 -1.00000e+00 1.00000e+00 0.00000e+00
4.13000e+02 3.24000e+02 1.00000e+00 1.00000e+00 0.00000e+00
4.61000e+02 2.76000e+02 -1.00000e+00 -1.00000e+00 0.00000e+00
4.85000e+02 2.28000e+02 -1.00000e+00 1.00000e+00 0.00000e+00
4.85000e+02 2.52000e+02 1.00000e+00 1.00000e+00 0.00000e+00
5.09000e+02 2.04000e+02 1.00000e+00 -1.00000e+00 0.00000e+00
5.09000e+02 2.28000e+02 -1.00000e+00 -1.00000e+00 0.00000e+00
5.57000e+02 1.80000e+02 1.00000e+00 1.00000e+00 0.00000e+00
5.81000e+02 1.32000e+02 1.00000e+00 -1.00000e+00 0.00000e+00
5.81000e+02 1.56000e+02 -1.00000e+00 -1.00000e+00 0.00000e+00
6.05000e+02 1.08000e+02 -1.00000e+00 1.00000e+00 0.00000e+00
6.05000e+02 1.32000e+02 1.00000e+00 1.00000e+00 0.00000e+00
6.53000e+02 8.40000e+01 1.00000e+00 1.00000e+00 0.00000e+00
6.77000e+02 3.60000e+01 1.00000e+00 -1.00000e+00 0.00000e+00
6.77000e+02 6.00000e+01 -1.00000e+00 -1.00000e+00 0.00000e+00
7.01000e+02 1.20000e+01 -1.00000e+00 1.00000e+00 0.00000e+00
7.01000e+02 3.60000e+01 1.00000e+00 1.00000e+00 0.00000e+00
5.00000e+00 7.56000e+02 -1.00000e+00 1.00000e+00 0.00000e+00
2.90000e+01 7.56000e+02 -1.00000e+00 -1.00000e+00 0.00000e+00
5.30000e+01 7.08000e+02 -1.00000e+00 1.00000e+00 0.00000e+00
7.70000e+01 6.84000e+02 -1.00000e+00 1.00000e+00 0.00000e+00
7.70000e+01 7.08000e+02 1.00000e+00 1.00000e+00 0.00000e+00
1.01000e+02 6.60000e+02 1.00000e+00 -1.00000e+00 0.00000e+00
1.25000e+02 6.60000e+02 -1.00000e+00 -1.00000e+00 0.00000e+00
1.49000e+02 6.12000e+02 1.00000e+00 -1.00000e+00 0.00000e+00
1.73000e+02 5.88000e+02 -1.00000e+00 1.00000e+00 0.00000e+00
1.73000e+02 6.12000e+02 1.00000e+00 1.00000e+00 0.00000e+00
1.97000e+02 5.64000e+02 1.00000e+00 -1.00000e+00 0.00000e+00
2.21000e+02 5.64000e+02 1.00000e+00 1.00000e+00 1.00000e+00
2.45000e+02 5.16000e+02 1.00000e+00 -1.00000e+00 0.00000e+00
2.69000e+02 4.92000e+02 -1.00000e+00 1.00000e+00 0.00000e+00
2.69000e+02 5.16000e+02 1.00000e+00 1.00000e+00 0.00000e+00
2.93000e+02 4.68000e+02 1.00000e+00 -1.00000e+00 0.00000e+00
3.17000e+02 4.68000e+02 -1.00000e+00 -1.00000e+00 0.00000e+00
3.41000e+02 4.20000e+02 1.00000e+00 -1.00000e+00 0.00000e+00
3.65000e+02 3.96000e+02 -1.00000e+00 1.00000e+00 0.00000e+00
3.65000e+02 4.20000e+02 1.00000e+00 1.00000e+00 0.00000e+00
3.89000e+02 3.72000e+02 1.00000e+00 -1.00000e+00 0.00000e+00
4.13000e+02 3.72000e+02 1.00000e+00 1.00000e+00 0.00000e+00
4.37000e+02 3.24000e+02 1.00000e+00 -1.00000e+00 1.00000e+00
4.61000e+02 3.00000e+02 1.00000e+00 -1.00000e+00 0.00000e+00
4.61000e+02 3.24000e+02 -1.00000e+00 -1.00000e+00 0.00000e+00
4.85000e+02 2.76000e+02 -1.00000e+00 1.00000e+00 0.00000e+00
5.09000e+02 2.76000e+02 -1.00000e+00 -1.00000e+00 0.00000e+00
5.33000e+02 2.28000e+02 -1.00000e+00 1.00000e+00 0.00000e+00
5.57000e+02 2.04000e+02 -1.00000e+00 1.00000e+00 0.00000e+00
5.57000e+02 2.28000e+02 1.00000e+00 1.00000e+00 0.00000e+00
5.81000e+02 1.80000e+02 1.00000e+00 -1.00000e+00 0.00000e+00
6.05000e+02 1.80000e+02 -1.00000e+00 -1.00000e+00 0.00000e+00
6.29000e+02 1.32000e+02 1.00000e+00 -1.00000e+00 0.00000e+00
6.53000e+02 1.08000e+02 -1.00000e+00 1.00000e+00 0.00000e+00
6.53000e+02 1.32000e+02 1.00000e+00 1.00000e+00 0.00000e+00
6.77000e+02 8.40000e+01 1.00000e+00 -1.00000e+00 0.00000e+00
7.01000e+02 8.40000e+01 1.00000e+00 1.00000e+00 0.00000e+00
7.25000e+02 3.60000e+01 1.00000e+00 -1.00000e+00 0.00000e+00
7.49000e+02 1.20000e+01 -1.00000e+00 1.00000e+00 0.00000e+00
7.49000e+02 3.60000e+01 1.00000e+00 1.00000e+00 0.00000e+00
5.00000e+00 8.28000e+02 -1.00000e+00 -1.00000e+00 0.00000e+00
5.30000e+01 7.56000e+02 -1.00000e+00 1.00000e+00 0.00000e+00
5.30000e+01 7.80000e+02 -1.00000e+00 -1.00000e+00 0.00000e+00
7.70000e+01 7.32000e+02 -1.00000e+00 1.00000e+00 0.00000e+00
1.01000e+02 7.32000e+02 -1.00000e+00 -1.00000e+00 0.00000e+00
1.49000e+02 6.60000e+02 -1.00000e+00 1.00000e+00 0.00000e+00
1.49000e+02 6.84000e+02 1.00000e+00 1.00000e+00 0.00000e+00
1.73000e+02 6.36000e+02 -1.00000e+00 1.00000e+00 0.00000e+00
1.97000e+02 6.36000e+02 -1.00000e+00 -1.00000e+00 0.00000e+00
2.45000e+02 5.64000e+02 -1.00000e+00 1.00000e+00 0.00000e+00
2.45000e+02 5.88000e+02 1.00000e+00 1.00000e+00 0.00000e+00
2.69000e+02 5.40000e+02 -1.00000e+00 1.00000e+00 0.00000e+00
2.93000e+02 5.40000e+02 1.00000e+00 1.00000e+00 1.00000e+00
3.41000e+02 4.68000e+02 -1.00000e+00 1.00000e+00 0.00000e+00
3.41000e+02 4.92000e+02 1.00000e+00 1.00000e+00 0.00000e+00
3.65000e+02 4.44000e+02 -1.00000e+00 1.00000e+00 0.00000e+00
3.89000e+02 4.44000e+02 -1.00000e+00 -1.00000e+00 0.00000e+00
4.37000e+02 3.72000e+02 1.00000e+00 -1.00000e+00 0.00000e+00
4.37000e+02 3.96000e+02 -1.00000e+00 -1.00000e+00 0.00000e+00
4.61000e+02 3.48000e+02 1.00000e+00 -1.00000e+00 0.00000e+00
4.85000e+02 3.48000e+02 1.00000e+00 1.00000e+00 0.00000e+00
5.33000e+02 2.76000e+02 -1.00000e+00 1.00000e+00 0.00000e+00
5.33000e+02 3.00000e+02 1.00000e+00 1.00000e+00 0.00000e+00
5.57000e+02 2.52000e+02 -1.00000e+00 1.00000e+00 0.00000e+00
5.81000e+02 2.52000e+02 -1.00000e+00 -1.00000e+00 0.00000e+00
6.29000e+02 1.80000e+02 -1.00000e+00 1.00000e+00 0.00000e+00
6.29000e+02 2.04000e+02 1.00000e+00 1.00000e+00 0.00000e+00
6.53000e+02 1.56000e+02 -1.00000e+00 1.00000e+00 0.00000e+00
6.77000e+02 1.56000e+02 -1.00000e+00 -1.00000e+00 0.00000e+00
7.25000e+02 8.40000e+01 1.00000e+00 -1.00000e+00 0.00000e+00
7.25000e+02 1.08000e+02 -1.00000e+00 -1.00000e+00 0.00000e+00
7.49000e+02 6.00000e+01 1.00000e+00 -1.00000e+00 0.00000e+00
7.73000e+02 6.00000e+01 1.00000e+00 1.00000e+00 0.00000e+00
8.21000e+02 1.20000e+01 1.00000e+00 1.00000e+00 0.00000e+00
5.00000e+00 8.76000e+02 -1.00000e+00 -1.00000e+00 0.00000e+00
2.90000e+01 8.28000e+02 -1.00000e+00 1.00000e+00 0.00000e+00
2.90000e+01 8.52000e+02 1.00000e+00 1.00000e+00 0.00000e+00
5.30000e+01 8.04000e+02 1.00000e+00 -1.00000e+00 0.00000e+00
5.30000e+01 8.28000e+02 -1.00000e+00 -1.00000e+00 0.00000e+00
7.70000e+01 7.80000e+02 -1.00000e+00 1.00000e+00 0.00000e+00
1.01000e+02 7.80000e+02 -1.00000e+00 -1.00000e+00 0.00000e+00
1.25000e+02 7.32000e+02 -1.00000e+00 1.00000e+00 0.00000e+00
1.25000e+02 7.56000e+02 1.00000e+00 1.00000e+00 0.00000e+00
1.49000e+02 7.08000e+02 1.00000e+00 -1.00000e+00 0.00000e+00
1.49000e+02 7.32000e+02 -1.00000e+00 -1.00000e+00 0.00000e+00
1.73000e+02 6.84000e+02 1.00000e+00 -1.00000e+00 0.00000e+00
1.97000e+02 6.84000e+02 1.00000e+00 1.00000e+00 0.00000e+00
2.21000e+02 6.36000e+02 1.00000e+00 -1.00000e+00 0.00000e+00
2.21000e+02 6.60000e+02 -1.00000e+00 -1.00000e+00 0.00000e+00
2.45000e+02 6.12000e+02 -1.00000e+00 1.00000e+00 0.00000e+00
2.45000e+02 6.36000e+02 1.00000e+00 1.00000e+00 0.00000e+00
2.69000e+02 5.88000e+02 1.00000e+00 -1.00000e+00 0.00000e+00
2.93000e+02 5.88000e+02 1.00000e+00 1.00000e+00 0.00000e+00
3.17000e+02 5.40000e+02 1.00000e+00 -1.00000e+00 0.00000e+00
3.17000e+02 5.64000e+02 -1.00000e+00 -1.00000e+00 0.00000e+00
3.41000e+02 5.16000e+02 -1.00000e+00 1.00000e+00 0.00000e+00
3.41000e+02 5.40000e+02 1.00000e+00 1.00000e+00 0.00000e+00
3.65000e+02 4.92000e+02 1.00000e+00 -1.00000e+00 0.00000e+00
3.89000e+02 4.92000e+02 1.00000e+00 1.00000e+00 0.00000e+00
4.13000e+02 4.44000e+02 -1.00000e+00 1.00000e+00 0.00000e+00
4.13000e+02 4.68000e+02 -1.00000e+00 -1.00000e+00 0.00000e+00
4.37000e+02 4.20000e+02 1.00000e+00 -1.00000e+00 0.00000e+00
4.37000e+02 4.44000e+02 -1.00000e+00 -1.00000e+00 0.00000e+00
4.61000e+02 3.96000e+02 -1.00000e+00 1.00000e+00 0.00000e+00
4.85000e+02 3.96000e+02 -1.00000e+00 -1.00000e+00 0.00000e+00
5.09000e+02 3.48000e+02 1.00000e+00 -1.00000e+00 0.00000e+00
5.09000e+02 3.72000e+02 1.00000e+00 1.00000e+00 0.00000e+00
5.33000e+02 3.24000e+02 -1.00000e+00 1.00000e+00 0.00000e+00
5.33000e+02 3.48000e+02 1.00000e+00 1.00000e+00 0.00000e+00
5.57000e+02 3.00000e+02 -1.00000e+00 1.00000e+00 0.00000e+00
5.81000e+02 3.00000e+02 -1.00000e+00 -1.00000e+00 0.00000e+00
6.05000e+02 2.52000e+02 -1.00000e+00 1.00000e+00 0.00000e+00
6.05000e+02 2.76000e+02 1.00000e+00 1.00000e+00 0.00000e+00
6.29000e+02 2.28000e+02 -1.00000e+00 1.00000e+00 0.00000e+00
6.29000e+02 2.52000e+02 1.00000e+00 1.00000e+00 0.00000e+00
6.53000e+02 2.04000e+02 -1.00000e+00 1.00000e+00 0.00000e+00
6.77000e+02 2.04000e+02 -1.00000e+00 -1.00000e+00 0.00000e+00
7.01000e+02 1.56000e+02 -1.00000e+00 1.00000e+00 0.00000e+00
7.01000e+02 1.80000e+02 1.00000e+00 1.00000e+00 0.00000e+00
7.25000e+02 1.32000e+02 1.00000e+00 -1.00000e+00 0.00000e+00
7.25000e+02 1.56000e+02 -1.00000e+00 -1.00000e+00 0.00000e+00
7.49000e+02 1.08000e+02 -1.00000e+00 1.00000e+00 0.00000e+00
7.73000e+02 1.08000e+02 -1.00000e+00 -1.00000e+00 0.00000e+00
7.97000e+02 6.00000e+01 1.00000e+00 -1.00000e+00 0.00000e+00
7.97000e+02 8.40000e+01 1.00000e+00 1.00000e+00 0.00000e+00
8.21000e+02 3.60000e+01 -1.00000e+00 1.00000e+00 0.00000e+00
8.21000e+02 6.00000e+01 1.00000e+00 1.00000e+00 0.00000e+00
8.45000e+02 1.20000e+01 -1.00000e+00 1.00000e+00 0.00000e+00
8.69000e+02 1.20000e+01 -1.00000e+00 -1.00000e+00 0.00000e+00
5.00000e+00 9.00000e+02 1.00000e+00 -1.00000e+00 0.00000e+00
5.00000e+00 9.24000e+02 -1.00000e+00 -1.00000e+00 0.00000e+00
2.90000e+01 8.76000e+02 -1.00000e+00 1.00000e+00 0.00000e+00
2.90000e+01 9.00000e+02 1.00000e+00 1.00000e+00 0.00000e+00
7.70000e+01 8.52000e+02 -1.00000e+00 -1.00000e+00 0.00000e+00
1.01000e+02 8.04000e+02 1.00000e+00 -1.00000e+00 0.00000e+00
1.01000e+02 8.28000e+02 -1.00000e+00 -1.00000e+00 0.00000e+00
1.25000e+02 7.80000e+02 -1.00000e+00 1.00000e+00 0.00000e+00
1.25000e+02 8.04000e+02 1.00000e+00 1.00000e+00 0.00000e+00
1.73000e+02 7.56000e+02 -1.00000e+00 -1.00000e+00 0.00000e+00
1.97000e+02 7.08000e+02 -1.00000e+00 1.00000e+00 0.00000e+00
1.97000e+02 7.32000e+02 1.00000e+00 1.00000e+00 0.00000e+00
2.21000e+02 6.84000e+02 1.00000e+00 -1.00000e+00 0.00000e+00
2.21000e+02 7.08000e+02 -1.00000e+00 -1.00000e+00 0.00000e+00
2.69000e+02 6.60000e+02 1.00000e+00 1.00000e+00 0.00000e+00
2.93000e+02 6.12000e+02 -1.00000e+00 1.00000e+00 0.00000e+00
2.93000e+02 6.36000e+02 1.00000e+00 1.00000e+00 0.00000e+00
3.17000e+02 5.88000e+02 1.00000e+00 -1.00000e+00 0.00000e+00
3.17000e+02 6.12000e+02 -1.00000e+00 -1.00000e+00 0.00000e+00
3.65000e+02 5.64000e+02 1.00000e+00 1.00000e+00 0.00000e+00
3.89000e+02 5.16000e+02 -1.00000e+00 1.00000e+00 0.00000e+00
3.89000e+02 5.40000e+02 1.00000e+00 1.00000e+00 0.00000e+00
4.13000e+02 4.92000e+02 1.00000e+00 -1.00000e+00 0.00000e+00
4.13000e+02 5.16000e+02 -1.00000e+00 -1.00000e+00 0.00000e+00
4.61000e+02 4.68000e+02 -1.00000e+00 -1.00000e+00 0.00000e+00
4.85000e+02 4.20000e+02 1.00000e+00 -1.00000e+00 0.00000e+00
4.85000e+02 4.44000e+02 -1.00000e+00 -1.00000e+00 0.00000e+00
5.09000e+02 3.96000e+02 -1.00000e+00 1.00000e+00 0.00000e+00
5.09000e+02 4.20000e+02 1.00000e+00 1.00000e+00 0.00000e+00
5.57000e+02 3.72000e+02 1.00000e+00 1.00000e+00 0.00000e+00
5.81000e+02 3.24000e+02 1.00000e+00 -1.00000e+00 0.00000e+00
5.81000e+02 3.48000e+02 -1.00000e+00 -1.00000e+00 0.00000e+00
6.05000e+02 3.00000e+02 -1.00000e+00 1.00000e+00 0.00000e+00
6.05000e+02 3.24000e+02 1.00000e+00 1.00000e+00 0.00000e+00
6.53000e+02 2.76000e+02 1.00000e+00 1.00000e+00 0.00000e+00
6.77000e+02 2.28000e+02 1.00000e+00 -1.00000e+00 0.00000e+00
6.77000e+02 2.52000e+02 -1.00000e+00 -1.00000e+00 0.00000e+00
7.01000e+02 2.04000e+02 -1.00000e+00 1.00000e+00 0.00000e+00
7.01000e+02 2.28000e+02 1.00000e+00 1.00000e+00 0.00000e+00
7.49000e+02 1.80000e+02 -1.00000e+00 -1.00000e+00 0.00000e+00
7.73000e+02 1.32000e+02 1.00000e+00 -1.00000e+00 1.00000e+00
7.73000e+02 1.56000e+02 1.00000e+00 1.00000e+00 0.00000e+00
7.97000e+02 1.08000e+02 -1.00000e+00 1.00000e+00 0.00000e+00
7.97000e+02 1.32000e+02 1.00000e+00 1.00000e+00 0.00000e+00
8.45000e+02 8.40000e+01 1.00000e+00 1.00000e+00 0.00000e+00
8.69000e+02 3.60000e+01 1.00000e+00 -1.00000e+00 0.00000e+00
8.69000e+02 6.00000e+01 -1.00000e+00 -1.00000e+00 0.00000e+00
8.93000e+02 1.20000e+01 -1.00000e+00 1.00000e+00 0.00000e+00
8.93000e+02 3.60000e+01 1.00000e+00 1.00000e+00 0.00000e+00
5.00000e+00 9.48000e+02 1.00000e+00 -1.00000e+00 0.00000e+00
2.90000e+01 9.48000e+02 1.00000e+00 1.00000e+00 0.00000e+00
5.30000e+01 9.00000e+02 1.00000e+00 -1.00000e+00 0.00000e+00
7.70000e+01 8.76000e+02 1.00000e+00 -1.00000e+00 0.00000e+00
7.70000e+01 9.00000e+02 -1.00000e+00 -1.00000e+00 0.00000e+00
1.01000e+02 8.52000e+02 1.00000e+00 -1.00000e+00 0.00000e+00
1.25000e+02 8.52000e+02 1.00000e+00 1.00000e+00 0.00000e+00
1.49000e+02 8.04000e+02 1.00000e+00 -1.00000e+00 0.00000e+00
1.73000e+02 7.80000e+02 1.00000e+00 -1.00000e+00 0.00000e+00
1.73000e+02 8.04000e+02 -1.00000e+00 -1.00000e+00 0.00000e+00
1.97000e+02 7.56000e+02 -1.00000e+00 1.00000e+00 0.00000e+00
2.21000e+02 7.56000e+02 -1.00000e+00 -1.00000e+00 0.00000e+00
2.45000e+02 7.08000e+02 -1.00000e+00 1.00000e+00 0.00000e+00
2.69000e+02 6.84000e+02 -1.00000e+00 1.00000e+00 0.00000e+00
2.69000e+02 7.08000e+02 1.00000e+00 1.00000e+00 0.00000e+00
2.93000e+02 6.60000e+02 1.00000e+00 -1.00000e+00 0.00000e+00
3.17000e+02 6.60000e+02 1.00000e+00 1.00000e+00 0.00000e+00
3.41000e+02 6.12000e+02 -1.00000e+00 1.00000e+00 0.00000e+00
3.65000e+02 5.88000e+02 -1.00000e+00 1.00000e+00 0.00000e+00
3.65000e+02 6.12000e+02 -1.00000e+00 -1.00000e+00 0.00000e+00
3.89000e+02 5.64000e+02 1.00000e+00 -1.00000e+00 0.00000e+00
4.13000e+02 5.64000e+02 1.00000e+00 1.00000e+00 0.00000e+00
4.37000e+02 5.16000e+02 -1.00000e+00 1.00000e+00 0.00000e+00
4.61000e+02 4.92000e+02 1.00000e+00 -1.00000e+00 0.00000e+00
4.61000e+02 5.16000e+02 -1.00000e+00 -1.00000e+00 0.00000e+00
4.85000e+02 4.68000e+02 1.00000e+00 -1.00000e+00 0.00000e+00
5.09000e+02 4.68000e+02 1.00000e+00 1.00000e+00 0.00000e+00
5.33000e+02 4.20000e+02 1.00000e+00 -1.00000e+00 0.00000e+00
5.57000e+02 3.96000e+02 -1.00000e+00 1.00000e+00 0.00000e+00
5.57000e+02 4.20000e+02 1.00000e+00 1.00000e+00 0.00000e+00
5.81000e+02 3.72000e+02 1.00000e+00 -1.00000e+00 0.00000e+00
6.05000e+02 3.72000e+02 1.00000e+00 1.00000e+00 0.00000e+00
6.29000e+02 3.24000e+02 1.00000e+00 -1.00000e+00 0.00000e+00
6.53000e+02 3.00000e+02 1.00000e+00 -1.00000e+00 0.00000e+00
6.53000e+02 3.24000e+02 -1.00000e+00 -1.00000e+00 0.00000e+00
6.77000e+02 2.76000e+02 1.00000e+00 -1.00000e+00 0.00000e+00
7.01000e+02 2.76000e+02 1.00000e+00 1.00000e+00 0.00000e+00
7.25000e+02 2.28000e+02 1.00000e+00 -1.00000e+00 0.00000e+00
7.49000e+02 2.04000e+02 1.00000e+00 -1.00000e+00 0.00000e+00
7.49000e+02 2.28000e+02 -1.00000e+00 -1.00000e+00 0.00000e+00
7.73000e+02 1.80000e+02 -1.00000e+00 1.00000e+00 0.00000e+00
7.97000e+02 1.80000e+02 -1.00000e+00 -1.00000e+00 0.00000e+00
8.21000e+02 1.32000e+02 1.00000e+00 -1.00000e+00 0.00000e+00
8.45000e+02 1.08000e+02 -1.00000e+00 1.00000e+00 0.00000e+00
8.45000e+02 1.32000e+02 1.00000e+00 1.00000e+00 0.00000e+00
8.69000e+02 8.40000e+01 1.00000e+00 -1.00000e+00 0.00000e+00
8.93000e+02 8.40000e+01 1.00000e+00 1.00000e+00 0.00000e+00
9.17000e+02 3.60000e+01 1.00000e+00 -1.00000e+00 0.00000e+00
9.41000e+02 1.20000e+01 1.00000e+00 -1.00000e+00 0.00000e+00
9.41000e+02 3.60000e+01 -1.00000e+00 -1.00000e+00 0.00000e+00
5.30000e+01 9.48000e+02 1.00000e+00 -1.00000e+00 0.00000e+00
5.30000e+01 9.72000e+02 -1.00000e+00 -1.00000e+00 0.00000e+00
7.70000e+01 9.24000e+02 1.00000e+00 -1.00000e+00 0.00000e+00
1.01000e+02 9.24000e+02 -1.00000e+00 -1.00000e+00 0.00000e+00
1.49000e+02 8.52000e+02 1.00000e+00 -1.00000e+00 1.00000e+00
1.49000e+02 8.76000e+02 1.00000e+00 1.00000e+00 0.00000e+00
1.73000e+02 8.28000e+02 1.00000e+00 -1.00000e+00 0.00000e+00
1.97000e+02 8.28000e+02 1.00000e+00 1.00000e+00 0.00000e+00
2.45000e+02 7.56000e+02 -1.00000e+00 1.00000e+00 0.00000e+00
2.45000e+02 7.80000e+02 1.00000e+00 1.00000e+00 0.00000e+00
2.69000e+02 7.32000e+02 -1.00000e+00 1.00000e+00 0.00000e+00
2.93000e+02 7.32000e+02 -1.00000e+00 -1.00000e+00 0.00000e+00
3.41000e+02 6.60000e+02 1.00000e+00 -1.00000e+00 0.00000e+00
3.41000e+02 6.84000e+02 -1.00000e+00 -1.00000e+00 0.00000e+00
3.65000e+02 6.36000e+02 1.00000e+00 -1.00000e+00 0.00000e+00
3.89000e+02 6.36000e+02 1.00000e+00 1.00000e+00 1.00000e+00
4.37000e+02 5.64000e+02 1.00000e+00 -1.00000e+00 0.00000e+00
4.37000e+02 5.88000e+02 -1.00000e+00 -1.00000e+00 0.00000e+00
4.61000e+02 5.40000e+02 1.00000e+00 -1.00000e+00 0.00000e+00
4.85000e+02 5.40000e+02 1.00000e+00 1.00000e+00 0.00000e+00
5.33000e+02 4.68000e+02 -1.00000e+00 1.00000e+00 0.00000e+00
5.33000e+02 4.92000e+02 1.00000e+00 1.00000e+00 0.00000e+00
5.57000e+02 4.44000e+02 -1.00000e+00 1.00000e+00 0.00000e+00
5.81000e+02 4.44000e+02 1.00000e+00 1.00000e+00 0.00000e+00
6.29000e+02 3.72000e+02 1.00000e+00 -1.00000e+00 0.00000e+00
6.29000e+02 3.96000e+02 -1.00000e+00 -1.00000e+00 0.00000e+00
6.53000e+02 3.48000e+02 1.00000e+00 -1.00000e+00 0.00000e+00
6.77000e+02 3.48000e+02 1.00000e+00 1.00000e+00 0.00000e+00
7.25000e+02 2.76000e+02 1.00000e+00 -1.00000e+00 1.00000e+00
7.25000e+02 3.00000e+02 1.00000e+00 1.00000e+00 0.00000e+00
7.49000e+02 2.52000e+02 -1.00000e+00 1.00000e+00 0.00000e+00
7.73000e+02 2.52000e+02 -1.00000e+00 -1.00000e+00 0.00000e+00
8.21000e+02 1.80000e+02 -1.00000e+00 1.00000e+00 0.00000e+00
8.21000e+02 2.04000e+02 1.00000e+00 1.00000e+00 0.00000e+00
8.45000e+02 1.56000e+02 -1.00000e+00 1.00000e+00 0.00000e+00
8.69000e+02 1.56000e+02 -1.00000e+00 -1.00000e+00 0.00000e+00
9.17000e+02 8.40000e+01 1.00000e+00 -1.00000e+00 0.00000e+00
9.17000e+02 1.08000e+02 -1.00000e+00 -1.00000e+00 0.00000e+00
9.41000e+02 6.00000e+01 1.00000e+00 -1.00000e+00 0.00000e+00
9.65000e+02 6.00000e+01 1.00000e+00 1.00000e+00 0.00000e+00
5.30000e+01 9.96000e+02 1.00000e+00 -1.00000e+00 0.00000e+00
7.70000e+01 9.72000e+02 -1.00000e+00 1.00000e+00 0.00000e+00
1.01000e+02 9.72000e+02 -1.00000e+00 -1.00000e+00 0.00000e+00
1.25000e+02 9.24000e+02 -1.00000e+00 1.00000e+00 0.00000e+00
1.25000e+02 9.48000e+02 1.00000e+00 1.00000e+00 0.00000e+00
1.49000e+02 9.00000e+02 -1.00000e+00 1.00000e+00 0.00000e+00
1.49000e+02 9.24000e+02 -1.00000e+00 -1.00000e+00 0.00000e+00
1.73000e+02 8.76000e+02 1.00000e+00 -1.00000e+00 0.00000e+00
1.97000e+02 8.76000e+02 1.00000e+00 1.00000e+00 0.00000e+00
2.21000e+02 8.28000e+02 1.00000e+00 -1.00000e+00 0.00000e+00
2.21000e+02 8.52000e+02 -1.00000e+00 -1.00000e+00 0.00000e+00
2.45000e+02 8.04000e+02 -1.00000e+00 1.00000e+00 0.00000e+00
2.45000e+02 8.28000e+02 1.00000e+00 1.00000e+00 0.00000e+00
2.69000e+02 7.80000e+02 1.00000e+00 -1.00000e+00 0.00000e+00
2.93000e+02 7.80000e+02 1.00000e+00 1.00000e+00 0.00000e+00
3.17000e+02 7.32000e+02 1.00000e+00 -1.00000e+00 1.00000e+00
3.17000e+02 7.56000e+02 -1.00000e+00 -1.00000e+00 0.00000e+00
3.41000e+02 7.08000e+02 1.00000e+00 -1.00000e+00 0.00000e+00
3.41000e+02 7.32000e+02 -1.00000e+00 -1.00000e+00 0.00000e+00
3.65000e+02 6.84000e+02 -1.00000e+00 1.00000e+00 0.00000e+00
3.89000e+02 6.84000e+02 -1.00000e+00 -1.00000e+00 0.00000e+00
4.13000e+02 6.36000e+02 -1.00000e+00 1.00000e+00 0.00000e+00
4.13000e+02 6.60000e+02 1.00000e+00 1.00000e+00 0.00000e+00
4.37000e+02 6.12000e+02 1.00000e+00 -1.00000e+00 0.00000e+00
4.37000e+02 6.36000e+02 -1.00000e+00 -1.00000e+00 0.00000e+00
4.61000e+02 5.88000e+02 1.00000e+00 -1.00000e+00 0.00000e+00
4.85000e+02 5.88000e+02 1.00000e+00 1.00000e+00 0.00000e+00
5.09000e+02 5.40000e+02 1.00000e+00 -1.00000e+00 0.00000e+00
5.09000e+02 5.64000e+02 -1.00000e+00 -1.00000e+00 0.00000e+00
5.33000e+02 5.16000e+02 -1.00000e+00 1.00000e+00 0.00000e+00
5.33000e+02 5.40000e+02 1.00000e+00 1.00000e+00 0.00000e+00
5.57000e+02 4.92000e+02 1.00000e+00 -1.00000e+00 0.00000e+00
5.81000e+02 4.92000e+02 1.00000e+00 1.00000e+00 0.00000e+00
6.05000e+02 4.44000e+02 1.00000e+00 -1.00000e+00 0.00000e+00
6.05000e+02 4.68000e+02 -1.00000e+00 -1.00000e+00 0.00000e+00
6.29000e+02 4.20000e+02 1.00000e+00 -1.00000e+00 0.00000e+00
6.29000e+02 4.44000e+02 -1.00000e+00 -1.00000e+00 0.00000e+00
6.53000e+02 3.96000e+02 1.00000e+00 -1.00000e+00 0.00000e+00
6.77000e+02 3.96000e+02 1.00000e+00 1.00000e+00 0.00000e+00
7.01000e+02 3.48000e+02 1.00000e+00 -1.00000e+00 0.00000e+00
7.01000e+02 3.72000e+02 -1.00000e+00 -1.00000e+00 0.00000e+00
7.25000e+02 3.24000e+02 -1.00000e+00 1.00000e+00 0.00000e+00
7.25000e+02 3.48000e+02 1.00000e+00 1.00000e+00 0.00000e+00
7.49000e+02 3.00000e+02 -1.00000e+00 1.00000e+00 0.00000e+00
7.73000e+02 3.00000e+02 -1.00000e+00 -1.00000e+00 0.00000e+00
7.97000e+02 2.52000e+02 -1.00000e+00 1.00000e+00 0.00000e+00
7.97000e+02 2.76000e+02 1.00000e+00 1.00000e+00 0.00000e+00
8.21000e+02 2.28000e+02 1.00000e+00 -1.00000e+00 0.00000e+00
8.21000e+02 2.52000e+02 -1.00000e+00 -1.00000e+00 0.00000e+00
8.45000e+02 2.04000e+02 1.00000e+00 -1.00000e+00 0.00000e+00
8.69000e+02 2.04000e+02 1.00000e+00 1.00000e+00 0.00000e+00
8.93000e+02 1.56000e+02 1.00000e+00 -1.00000e+00 0.00000e+00
8.93000e+02 1.80000e+02 -1.00000e+00 -1.00000e+00 0.00000e+00
9.17000e+02 1.32000e+02 -1.00000e+00 1.00000e+00 0.00000e+00
9.17000e+02 1.56000e+02 1.00000e+00 1.00000e+00 0.00000e+00
9.41000e+02 1.08000e+02 -1.00000e+00 1.00000e+00 0.00000e+00
9.65000e+02 1.08000e+02 -1.00000e+00 -1.00000e+00 0.00000e+00
9.89000e+02 6.00000e+01 -1.00000e+00 1.00000e+00 0.00000e+00
9.89000e+02 8.40000e+01 1.00000e+00 1.00000e+00 0.00000e+00
1.01000e+02 9.96000e+02 1.00000e+00 -1.00000e+00 0.00000e+00
1.25000e+02 9.72000e+02 -1.00000e+00 1.00000e+00 0.00000e+00
1.25000e+02 9.96000e+02 1.00000e+00 1.00000e+00 0.00000e+00
1.73000e+02 9.48000e+02 -1.00000e+00 -1.00000e+00 0.00000e+00
1.97000e+02 9.00000e+02 -1.00000e+00 1.00000e+00 0.00000e+00
1.97000e+02 9.24000e+02 1.00000e+00 1.00000e+00 0.00000e+00
2.21000e+02 8.76000e+02 1.00000e+00 -1.00000e+00 0.00000e+00
2.21000e+02 9.00000e+02 -1.00000e+00 -1.00000e+00 0.00000e+00
2.69000e+02 8.52000e+02 1.00000e+00 1.00000e+00 0.00000e+00
2.93000e+02 8.04000e+02 -1.00000e+00 1.00000e+00 0.00000e+00
2.93000e+02 8.28000e+02 1.00000e+00 1.00000e+00 0.00000e+00
3.17000e+02 7.80000e+02 1.00000e+00 -1.00000e+00 0.00000e+00
3.17000e+02 8.04000e+02 -1.00000e+00 -1.00000e+00 0.00000e+00
3.65000e+02 7.56000e+02 -1.00000e+00 -1.00000e+00 0.00000e+00
3.89000e+02 7.08000e+02 1.00000e+00 -1.00000e+00 0.00000e+00
3.89000e+02 7.32000e+02 -1.00000e+00 -1.00000e+00 0.00000e+00
4.13000e+02 6.84000e+02 -1.00000e+00 1.00000e+00 0.00000e+00
4.13000e+02 7.08000e+02 1.00000e+00 1.00000e+00 0.00000e+00
4.61000e+02 6.60000e+02 -1.00000e+00 -1.00000e+00 0.00000e+00
4.85000e+02 6.12000e+02 -1.00000e+00 1.00000e+00 0.00000e+00
4.85000e+02 6.36000e+02 1.00000e+00 1.00000e+00 0.00000e+00
5.09000e+02 5.88000e+02 1.00000e+00 -1.00000e+00 0.00000e+00
5.09000e+02 6.12000e+02 -1.00000e+00 -1.00000e+00 0.00000e+00
5.57000e+02 5.64000e+02 1.00000e+00 1.00000e+00 0.00000e+00
5.81000e+02 5.16000e+02 -1.00000e+00 1.00000e+00 0.00000e+00
5.81000e+02 5.40000e+02 1.00000e+00 1.00000e+00 0.00000e+00
6.05000e+02 4.92000e+02 1.00000e+00 -1.00000e+00 0.00000e+00
6.05000e+02 5.16000e+02 -1.00000e+00 -1.00000e+00 0.00000e+00
6.53000e+02 4.68000e+02 -1.00000e+00 -1.00000e+00 0.00000e+00
6.77000e+02 4.20000e+02 -1.00000e+00 1.00000e+00 0.00000e+00
6.77000e+02 4.44000e+02 1.00000e+00 1.00000e+00 0.00000e+00
7.01000e+02 3.96000e+02 1.00000e+00 -1.00000e+00 0.00000e+00
7.01000e+02 4.20000e+02 -1.00000e+00 -1.00000e+00 0.00000e+00
7.49000e+02 3.72000e+02 1.00000e+00 1.00000e+00 0.00000e+00
7.73000e+02 3.24000e+02 1.00000e+00 -1.00000e+00 0.00000e+00
7.73000e+02 3.48000e+02 -1.00000e+00 -1.00000e+00 0.00000e+00
7.97000e+02 3.00000e+02 -1.00000e+00 1.00000e+00 0.00000e+00
7.97000e+02 3.24000e+02 1.00000e+00 1.00000e+00 0.00000e+00
8.45000e+02 2.76000e+02 -1.00000e+00 -1.00000e+00 0.00000e+00
8.69000e+02 2.28000e+02 -1.00000e+00 1.00000e+00 0.00000e+00
8.69000e+02 2.52000e+02 1.00000e+00 1.00000e+00 0.00000e+00
8.93000e+02 2.04000e+02 1.00000e+00 -1.00000e+00 0.00000e+00
8.93000e+02 2.28000e+02 -1.00000e+00 -1.00000e+00 0.00000e+00
9.41000e+02 1.80000e+02 1.00000e+00 1.00000e+00 0.00000e+00
9.65000e+02 1.32000e+02 1.00000e+00 -1.00000e+00 0.00000e+00
9.65000e+02 1.56000e+02 -1.00000e+00 -1.00000e+00 0.00000e+00
9.89000e+02 1.08000e+02 -1.00000e+00 1.00000e+00 0.00000e+00
9.89000e+02 1.32000e+02 1.00000e+00 1.00000e+00 0.00000e+00
1.49000e+02 9.96000e+02 1.00000e+00 -1.00000e+00 0.00000e+00
1.73000e+02 9.72000e+02 -1.00000e+00 1.00000e+00 0.00000e+00
1.73000e+02 9.96000e+02 1.00000e+00 1.00000e+00 0.00000e+00
1.97000e+02 9.48000e+02 -1.00000e+00 1.00000e+00 0.00000e+00
2.21000e+02 9.48000e+02 -1.00000e+00 -1.00000e+00 0.00000e+00
2.45000e+02 9.00000e+02 -1.00000e+00 1.00000e+00 0.00000e+00
2.69000e+02 8.76000e+02 -1.00000e+00 1.00000e+00 0.00000e+00
2.69000e+02 9.00000e+02 1.00000e+00 1.00000e+00 0.00000e+00
2.93000e+02 8.52000e+02 1.00000e+00 -1.00000e+00 1.00000e+00
3.17000e+02 8.52000e+02 1.00000e+00 1.00000e+00 0.00000e+00
3.41000e+02 8.04000e+02 -1.00000e+00 1.00000e+00 0.00000e+00
3.65000e+02 7.80000e+02 1.00000e+00 -1.00000e+00 0.00000e+00
3.65000e+02 8.04000e+02 -1.00000e+00 -1.00000e+00 0.00000e+00
3.89000e+02 7.56000e+02 -1.00000e+00 1.00000e+00 0.00000e+00
4.13000e+02 7.56000e+02 -1.00000e+00 -1.00000e+00 0.00000e+00
4.37000e+02 7.08000e+02 1.00000e+00 -1.00000e+00 0.00000e+00
4.61000e+02 6.84000e+02 1.00000e+00 -1.00000e+00 0.00000e+00
4.61000e+02 7.08000e+02 -1.00000e+00 -1.00000e+00 0.00000e+00
4.85000e+02 6.60000e+02 -1.00000e+00 1.00000e+00 0.00000e+00
5.09000e+02 6.60000e+02 1.00000e+00 1.00000e+00 0.00000e+00
5.33000e+02 6.12000e+02 -1.00000e+00 1.00000e+00 0.00000e+00
5.57000e+02 5.88000e+02 -1.00000e+00 1.00000e+00 0.00000e+00
5.57000e+02 6.12000e+02 -1.00000e+00 -1.00000e+00 0.00000e+00
5.81000e+02 5.64000e+02 -1.00000e+00 1.00000e+00 0.00000e+00
6.05000e+02 5.64000e+02 -1.00000e+00 -1.00000e+00 0.00000e+00
6.29000e+02 5.16000e+02 -1.00000e+00 1.00000e+00 0.00000e+00
6.53000e+02 4.92000e+02 1.00000e+00 -1.00000e+00 0.00000e+00
6.53000e+02 5.16000e+02 -1.00000e+00 -1.00000e+00 0.00000e+00
6.77000e+02 4.68000e+02 -1.00000e+00 1.00000e+00 0.00000e+00
7.01000e+02 4.68000e+02 -1.00000e+00 -1.00000e+00 0.00000e+00
7.25000e+02 4.20000e+02 -1.00000e+00 1.00000e+00 0.00000e+00
7.49000e+02 3.96000e+02 1.00000e+00 -1.00000e+00 0.00000e+00
7.49000e+02 4.20000e+02 -1.00000e+00 -1.00000e+00 0.00000e+00
7.73000e+02 3.72000e+02 1.00000e+00 -1.00000e+00 0.00000e+00
7.97000e+02 3.72000e+02 1.00000e+00 1.00000e+00 0.00000e+00
8.21000e+02 3.24000e+02 1.00000e+00 -1.00000e+00 0.00000e+00
8.45000e+02 3.00000e+02 1.00000e+00 -1.00000e+00 0.00000e+00
8.45000e+02 3.24000e+02 1.00000e+00 1.00000e+00 0.00000e+00
8.69000e+02 2.76000e+02 -1.00000e+00 1.00000e+00 0.00000e+00
8.93000e+02 2.76000e+02 -1.00000e+00 -1.00000e+00 0.00000e+00
9.17000e+02 2.28000e+02 -1.00000e+00 1.00000e+00 0.00000e+00
9.41000e+02 2.04000e+02 -1.00000e+00 1.00000e+00 0.00000e+00
9.41000e+02 2.28000e+02 1.00000e+00 1.00000e+00 0.00000e+00
9.65000e+02 1.80000e+02 1.00000e+00 -1.00000e+00 0.00000e+00
9.89000e+02 1.80000e+02 -1.00000e+00 -1.00000e+00 0.00000e+00
2.45000e+02 9.48000e+02 -1.00000e+00 1.00000e+00 0.00000e+00
2.45000e+02 9.72000e+02 1.00000e+00 1.00000e+00 0.00000e+00
2.69000e+02 9.24000e+02 -1.00000e+00 1.00000e+00 0.00000e+00
2.93000e+02 9.24000e+02 -1.00000e+00 -1.00000e+00 0.00000e+00
3.41000e+02 8.52000e+02 1.00000e+00 -1.00000e+00 0.00000e+00
3.41000e+02 8.76000e+02 -1.00000e+00 -1.00000e+00 0.00000e+00
3.65000e+02 8.28000e+02 1.00000e+00 -1.00000e+00 0.00000e+00
3.89000e+02 8.28000e+02 -1.00000e+00 -1.00000e+00 0.00000e+00
4.37000e+02 7.56000e+02 -1.00000e+00 1.00000e+00 0.00000e+00
4.37000e+02 7.80000e+02 -1.00000e+00 -1.00000e+00 0.00000e+00
4.61000e+02 7.32000e+02 -1.00000e+00 1.00000e+00 0.00000e+00
4.85000e+02 7.32000e+02 -1.00000e+00 -1.00000e+00 0.00000e+00
5.33000e+02 6.60000e+02 1.00000e+00 -1.00000e+00 0.00000e+00
5.33000e+02 6.84000e+02 -1.00000e+00 -1.00000e+00 0.00000e+00
5.57000e+02 6.36000e+02 1.00000e+00 -1.00000e+00 0.00000e+00
5.81000e+02 6.36000e+02 1.00000e+00 1.00000e+00 0.00000e+00
6.29000e+02 5.64000e+02 -1.00000e+00 1.00000e+00 0.00000e+00
6.29000e+02 5.88000e+02 1.00000e+00 1.00000e+00 0.00000e+00
6.53000e+02 5.40000e+02 -1.00000e+00 1.00000e+00 0.00000e+00
6.77000e+02 5.40000e+02 -1.00000e+00 -1.00000e+00 0.00000e+00
7.25000e+02 4.68000e+02 -1.00000e+00 1.00000e+00 0.00000e+00
7.25000e+02 4.92000e+02 1.00000e+00 1.00000e+00 0.00000e+00
7.49000e+02 4.44000e+02 1.00000e+00 -1.00000e+00 0.00000e+00
7.73000e+02 4.44000e+02 1.00000e+00 1.00000e+00 0.00000e+00
8.21000e+02 3.72000e+02 -1.00000e+00 1.00000e+00 0.00000e+00
8.21000e+02 3.96000e+02 1.00000e+00 1.00000e+00 0.00000e+00
8.45000e+02 3.48000e+02 -1.00000e+00 1.00000e+00 0.00000e+00
8.69000e+02 3.48000e+02 -1.00000e+00 -1.00000e+00 0.00000e+00
9.17000e+02 2.76000e+02 -1.00000e+00 1.00000e+00 0.00000e+00
9.17000e+02 3.00000e+02 1.00000e+00 1.00000e+00 0.00000e+00
9.41000e+02 2.52000e+02 -1.00000e+00 1.00000e+00 0.00000e+00
9.65000e+02 2.52000e+02 -1.00000e+00 -1.00000e+00 0.00000e+00
2.45000e+02 9.96000e+02 -1.00000e+00 1.00000e+00 0.00000e+00
2.69000e+02 9.72000e+02 1.00000e+00 -1.00000e+00 0.00000e+00
2.93000e+02 9.72000e+02 1.00000e+00 1.00000e+00 0.00000e+00
3.17000e+02 9.24000e+02 -1.00000e+00 1.00000e+00 0.00000e+00
3.17000e+02 9.48000e+02 -1.00000e+00 -1.00000e+00 0.00000e+00
3.41000e+02 9.00000e+02 1.00000e+00 -1.00000e+00 0.00000e+00
3.41000e+02 9.24000e+02 -1.00000e+00 -1.00000e+00 0.00000e+00
3.65000e+02 8.76000e+02 -1.00000e+00 1.00000e+00 0.00000e+00
3.89000e+02 8.76000e+02 -1.00000e+00 -1.00000e+00 0.00000e+00
4.13000e+02 8.28000e+02 -1.00000e+00 1.00000e+00 0.00000e+00
4.13000e+02 8.52000e+02 1.00000e+00 1.00000e+00 0.00000e+00
4.37000e+02 8.04000e+02 1.00000e+00 -1.00000e+00 0.00000e+00
4.37000e+02 8.28000e+02 -1.00000e+00 -1.00000e+00 0.00000e+00
4.61000e+02 7.80000e+02 -1.00000e+00 1.00000e+00 0.00000e+00
4.85000e+02 7.80000e+02 -1.00000e+00 -1.00000e+00 0.00000e+00
5.09000e+02 7.32000e+02 -1.00000e+00 1.00000e+00 0.00000e+00
5.09000e+02 7.56000e+02 1.00000e+00 1.00000e+00 0.00000e+00
5.33000e+02 7.08000e+02 1.00000e+00 -1.00000e+00 0.00000e+00
5.33000e+02 7.32000e+02 -1.00000e+00 -1.00000e+00 0.00000e+00
5.57000e+02 6.84000e+02 1.00000e+00 -1.00000e+00 0.00000e+00
5.81000e+02 6.84000e+02 1.00000e+00 1.00000e+00 0.00000e+00
6.05000e+02 6.36000e+02 1.00000e+00 -1.00000e+00 0.00000e+00
6.05000e+02 6.60000e+02 -1.00000e+00 -1.00000e+00 0.00000e+00
6.29000e+02 6.12000e+02 -1.00000e+00 1.00000e+00 0.00000e+00
6.29000e+02 6.36000e+02 1.00000e+00 1.00000e+00 0.00000e+00
6.53000e+02 5.88000e+02 1.00000e+00 -1.00000e+00 0.00000e+00
6.77000e+02 5.88000e+02 1.00000e+00 1.00000e+00 0.00000e+00
7.01000e+02 5.40000e+02 -1.00000e+00 1.00000e+00 0.00000e+00
7.01000e+02 5.64000e+02 -1.00000e+00 -1.00000e+00 0.00000e+00
7.25000e+02 5.16000e+02 -1.00000e+00 1.00000e+00 0.00000e+00
7.25000e+02 5.40000e+02 -1.00000e+00 -1.00000e+00 0.00000e+00
7.49000e+02 4.92000e+02 1.00000e+00 -1.00000e+00 0.00000e+00
7.73000e+02 4.92000e+02 1.00000e+00 1.00000e+00 0.00000e+00
7.97000e+02 4.44000e+02 1.00000e+00 -1.00000e+00 0.00000e+00
7.97000e+02 4.68000e+02 -1.00000e+00 -1.00000e+00 0.00000e+00
8.21000e+02 4.20000e+02 -1.00000e+00 1.00000e+00 0.00000e+00
8.21000e+02 4.44000e+02 1.00000e+00 1.00000e+00 0.00000e+00
8.45000e+02 3.96000e+02 1.00000e+00 -1.00000e+00 1.00000e+00
8.69000e+02 3.96000e+02 -1.00000e+00 -1.00000e+00 0.00000e+00
8.93000e+02 3.48000e+02 -1.00000e+00 1.00000e+00 0.00000e+00
8.93000e+02 3.72000e+02 1.00000e+00 1.00000e+00 0.00000e+00
9.17000e+02 3.24000e+02 -1.00000e+00 1.00000e+00 0.00000e+00
9.17000e+02 3.48000e+02 -1.00000e+00 -1.00000e+00 0.00000e+00
9.41000e+02 3.00000e+02 -1.00000e+00 1.00000e+00 0.00000e+00
9.65000e+02 3.00000e+02 -1.00000e+00 -1.00000e+00 0.00000e+00
9.89000e+02 2.52000e+02 -1.00000e+00 1.00000e+00 0.00000e+00
9.89000e+02 2.76000e+02 1.00000e+00 1.00000e+00 0.00000e+00
2.93000e+02 9.96000e+02 -1.00000e+00 1.00000e+00 0.00000e+00
3.17000e+02 9.72000e+02 1.00000e+00 -1.00000e+00 0.00000e+00
3.17000e+02 9.96000e+02 -1.00000e+00 -1.00000e+00 0.00000e+00
3.65000e+02 9.48000e+02 -1.00000e+00 -1.00000e+00 0.00000e+00
3.89000e+02 9.00000e+02 1.00000e+00 -1.00000e+00 0.00000e+00
3.89000e+02 9.24000e+02 -1.00000e+00 -1.00000e+00 0.00000e+00
4.13000e+02 8.76000e+02 -1.00000e+00 1.00000e+00 0.00000e+00
4.13000e+02 9.00000e+02 1.00000e+00 1.00000e+00 0.00000e+00
4.61000e+02 8.52000e+02 -1.00000e+00 -1.00000e+00 0.00000e+00
4.85000e+02 8.04000e+02 1.00000e+00 -1.00000e+00 0.00000e+00
4.85000e+02 8.28000e+02 -1.00000e+00 -1.00000e+00 0.00000e+00
5.09000e+02 7.80000e+02 -1.00000e+00 1.00000e+00 0.00000e+00
5.09000e+02 8.04000e+02 1.00000e+00 1.00000e+00 0.00000e+00
5.57000e+02 7.56000e+02 -1.00000e+00 -1.00000e+00 0.00000e+00
5.81000e+02 7.08000e+02 -1.00000e+00 1.00000e+00 0.00000e+00
5.81000e+02 7.32000e+02 1.00000e+00 1.00000e+00 0.00000e+00
6.05000e+02 6.84000e+02 1.00000e+00 -1.00000e+00 0.00000e+00
6.05000e+02 7.08000e+02 -1.00000e+00 -1.00000e+00 0.00000e+00
6.53000e+02 6.60000e+02 1.00000e+00 1.00000e+00 0.00000e+00
6.77000e+02 6.12000e+02 -1.00000e+00 1.00000e+00 0.00000e+00
6.77000e+02 6.36000e+02 1.00000e+00 1.00000e+00 0.00000e+00
7.01000e+02 5.88000e+02 1.00000e+00 -1.00000e+00 0.00000e+00
7.01000e+02 6.12000e+02 -1.00000e+00 -1.00000e+00 0.00000e+00
7.49000e+02 5.64000e+02 -1.00000e+00 -1.00000e+00 0.00000e+00
7.73000e+02 5.16000e+02 -1.00000e+00 1.00000e+00 0.00000e+00
7.73000e+02 5.40000e+02 1.00000e+00 1.00000e+00 0.00000e+00
7.97000e+02 4.92000e+02 1.00000e+00 -1.00000e+00 0.00000e+00
7.97000e+02 5.16000e+02 -1.00000e+00 -1.00000e+00 0.00000e+00
8.45000e+02 4.68000e+02 1.00000e+00 1.00000e+00 0.00000e+00
8.69000e+02 4.20000e+02 1.00000e+00 -1.00000e+00 0.00000e+00
8.69000e+02 4.44000e+02 -1.00000e+00 -1.00000e+00 0.00000e+00
8.93000e+02 3.96000e+02 -1.00000e+00 1.00000e+00 0.00000e+00
8.93000e+02 4.20000e+02 1.00000e+00 1.00000e+00 0.00000e+00
9.41000e+02 3.72000e+02 -1.00000e+00 -1.00000e+00 0.00000e+00
9.65000e+02 3.24000e+02 1.00000e+00 -1.00000e+00 0.00000e+00
9.65000e+02 3.48000e+02 -1.00000e+00 -1.00000e+00 0.00000e+00
9.89000e+02 3.00000e+02 -1.00000e+00 1.00000e+00 0.00000e+00
9.89000e+02 3.24000e+02 1.00000e+00 1.00000e+00 0.00000e+00
3.41000e+02 9.96000e+02 -1.00000e+00 1.00000e+00 0.00000e+00
3.65000e+02 9.72000e+02 1.00000e+00 -1.00000e+00 0.00000e+00
3.65000e+02 9.96000e+02 -1.00000e+00 -1.00000e+00 0.00000e+00
3.89000e+02 9.48000e+02 -1.00000e+00 1.00000e+00 0.00000e+00
4.13000e+02 9.48000e+02 -1.00000e+00 -1.00000e+00 0.00000e+00
4.37000e+02 9.00000e+02 1.00000e+00 -1.00000e+00 0.00000e+00
4.61000e+02 8.76000e+02 1.00000e+00 -1.00000e+00 0.00000e+00
4.61000e+02 9.00000e+02 -1.00000e+00 -1.00000e+00 0.00000e+00
4.85000e+02 8.52000e+02 -1.00000e+00 1.00000e+00 0.00000e+00
5.09000e+02 8.52000e+02 -1.00000e+00 -1.00000e+00 0.00000e+00
5.33000e+02 8.04000e+02 1.00000e+00 -1.00000e+00 0.00000e+00
5.57000e+02 7.80000e+02 -1.00000e+00 1.00000e+00 0.00000e+00
5.57000e+02 8.04000e+02 1.00000e+00 1.00000e+00 0.00000e+00
5.81000e+02 7.56000e+02 -1.00000e+00 1.00000e+00 0.00000e+00
6.05000e+02 7.56000e+02 -1.00000e+00 -1.00000e+00 0.00000e+00
6.29000e+02 7.08000e+02 -1.00000e+00 1.00000e+00 0.00000e+00
6.53000e+02 6.84000e+02 -1.00000e+00 1.00000e+00 0.00000e+00
6.53000e+02 7.08000e+02 1.00000e+00 1.00000e+00 0.00000e+00
6.77000e+02 6.60000e+02 1.00000e+00 -1.00000e+00 0.00000e+00
7.01000e+02 6.60000e+02 1.00000e+00 1.00000e+00 0.00000e+00
7.25000e+02 6.12000e+02 -1.00000e+00 1.00000e+00 0.00000e+00
7.49000e+02 5.88000e+02 1.00000e+00 -1.00000e+00 0.00000e+00
7.49000e+02 6.12000e+02 -1.00000e+00 -1.00000e+00 0.00000e+00
7.73000e+02 5.64000e+02 -1.00000e+00 1.00000e+00 0.00000e+00
7.97000e+02 5.64000e+02 -1.00000e+00 -1.00000e+00 0.00000e+00
8.21000e+02 5.16000e+02 -1.00000e+00 1.00000e+00 0.00000e+00
8.45000e+02 4.92000e+02 1.00000e+00 -1.00000e+00 0.00000e+00
8.45000e+02 5.16000e+02 -1.00000e+00 -1.00000e+00 0.00000e+00
8.69000e+02 4.68000e+02 1.00000e+00 -1.00000e+00 0.00000e+00
8.93000e+02 4.68000e+02 -1.00000e+00 -1.00000e+00 0.00000e+00
9.17000e+02 4.20000e+02 1.00000e+00 -1.00000e+00 0.00000e+00
9.41000e+02 3.96000e+02 1.00000e+00 -1.00000e+00 0.00000e+00
9.41000e+02 4.20000e+02 1.00000e+00 1.00000e+00 0.00000e+00
9.65000e+02 3.72000e+02 -1.00000e+00 1.00000e+00 0.00000e+00
9.89000e+02 3.72000e+02 -1.00000e+00 -1.00000e+00 0.00000e+00
4.37000e+02 9.48000e+02 -1.00000e+00 1.00000e+00 0.00000e+00
4.37000e+02 9.72000e+02 1.00000e+00 1.00000e+00 0.00000e+00
4.61000e+02 9.24000e+02 -1.00000e+00 1.00000e+00 0.00000e+00
4.85000e+02 9.24000e+02 -1.00000e+00 -1.00000e+00 0.00000e+00
5.33000e+02 8.52000e+02 -1.00000e+00 1.00000e+00 0.00000e+00
5.33000e+02 8.76000e+02 1.00000e+00 1.00000e+00 0.00000e+00
5.57000e+02 8.28000e+02 -1.00000e+00 1.00000e+00 0.00000e+00
5.81000e+02 8.28000e+02 1.00000e+00 1.00000e+00 1.00000e+00
6.29000e+02 7.56000e+02 -1.00000e+00 1.00000e+00 0.00000e+00
6.29000e+02 7.80000e+02 1.00000e+00 1.00000e+00 0.00000e+00
6.53000e+02 7.32000e+02 -1.00000e+00 1.00000e+00 0.00000e+00
6.77000e+02 7.32000e+02 -1.00000e+00 -1.00000e+00 0.00000e+00
7.25000e+02 6.60000e+02 1.00000e+00 -1.00000e+00 0.00000e+00
7.25000e+02 6.84000e+02 -1.00000e+00 -1.00000e+00 0.00000e+00
7.49000e+02 6.36000e+02 1.00000e+00 -1.00000e+00 0.00000e+00
7.73000e+02 6.36000e+02 1.00000e+00 1.00000e+00 0.00000e+00
8.21000e+02 5.64000e+02 -1.00000e+00 1.00000e+00 0.00000e+00
8.21000e+02 5.88000e+02 1.00000e+00 1.00000e+00 0.00000e+00
8.45000e+02 5.40000e+02 1.00000e+00 -1.00000e+00 0.00000e+00
8.69000e+02 5.40000e+02 1.00000e+00 1.00000e+00 0.00000e+00
9.17000e+02 4.68000e+02 -1.00000e+00 1.00000e+00 0.00000e+00
9.17000e+02 4.92000e+02 1.00000e+00 1.00000e+00 0.00000e+00
9.41000e+02 4.44000e+02 -1.00000e+00 1.00000e+00 0.00000e+00
9.65000e+02 4.44000e+02 -1.00000e+00 -1.00000e+00 0.00000e+00
4.37000e+02 9.96000e+02 -1.00000e+00 1.00000e+00 0.00000e+00
4.61000e+02 9.72000e+02 -1.00000e+00 1.00000e+00 0.00000e+00
4.85000e+02 9.72000e+02 -1.00000e+00 -1.00000e+00 0.00000e+00
5.09000e+02 9.24000e+02 -1.00000e+00 1.00000e+00 0.00000e+00
5.09000e+02 9.48000e+02 1.00000e+00 1.00000e+00 0.00000e+00
5.33000e+02 9.00000e+02 -1.00000e+00 1.00000e+00 0.00000e+00
5.33000e+02 9.24000e+02 -1.00000e+00 -1.00000e+00 0.00000e+00
5.57000e+02 8.76000e+02 1.00000e+00 -1.00000e+00 0.00000e+00
5.81000e+02 8.76000e+02 -1.00000e+00 -1.00000e+00 0.00000e+00
6.05000e+02 8.28000e+02 1.00000e+00 -1.00000e+00 1.00000e+00
6.05000e+02 8.52000e+02 1.00000e+00 1.00000e+00 0.00000e+00
6.29000e+02 8.04000e+02 -1.00000e+00 1.00000e+00 0.00000e+00
6.29000e+02 8.28000e+02 1.00000e+00 1.00000e+00 0.00000e+00
6.53000e+02 7.80000e+02 -1.00000e+00 1.00000e+00 0.00000e+00
6.77000e+02 7.80000e+02 -1.00000e+00 -1.00000e+00 0.00000e+00
7.01000e+02 7.32000e+02 -1.00000e+00 1.00000e+00 0.00000e+00
7.01000e+02 7.56000e+02 1.00000e+00 1.00000e+00 0.00000e+00
7.25000e+02 7.08000e+02 1.00000e+00 -1.00000e+00 0.00000e+00
7.25000e+02 7.32000e+02 -1.00000e+00 -1.00000e+00 0.00000e+00
7.49000e+02 6.84000e+02 -1.00000e+00 1.00000e+00 0.00000e+00
7.73000e+02 6.84000e+02 -1.00000e+00 -1.00000e+00 0.00000e+00
7.97000e+02 6.36000e+02 1.00000e+00 -1.00000e+00 0.00000e+00
7.97000e+02 6.60000e+02 1.00000e+00 1.00000e+00 0.00000e+00
8.21000e+02 6.12000e+02 -1.00000e+00 1.00000e+00 0.00000e+00
8.21000e+02 6.36000e+02 1.00000e+00 1.00000e+00 0.00000e+00
8.45000e+02 5.88000e+02 1.00000e+00 -1.00000e+00 0.00000e+00
8.69000e+02 5.88000e+02 1.00000e+00 1.00000e+00 0.00000e+00
8.93000e+02 5.40000e+02 1.00000e+00 -1.00000e+00 0.00000e+00
8.93000e+02 5.64000e+02 -1.00000e+00 -1.00000e+00 0.00000e+00
9.17000e+02 5.16000e+02 -1.00000e+00 1.00000e+00 0.00000e+00
9.17000e+02 5.40000e+02 1.00000e+00 1.00000e+00 0.00000e+00
9.41000e+02 4.92000e+02 1.00000e+00 -1.00000e+00 0.00000e+00
9.65000e+02 4.92000e+02 1.00000e+00 1.00000e+00 0.00000e+00
9.89000e+02 4.44000e+02 -1.00000e+00 1.00000e+00 0.00000e+00
9.89000e+02 4.68000e+02 1.00000e+00 1.00000e+00 0.00000e+00
4.85000e+02 9.96000e+02 1.00000e+00 -1.00000e+00 0.00000e+00
5.09000e+02 9.72000e+02 -1.00000e+00 1.00000e+00 0.00000e+00
5.09000e+02 9.96000e+02 1.00000e+00 1.00000e+00 0.00000e+00
5.57000e+02 9.48000e+02 -1.00000e+00 -1.00000e+00 0.00000e+00
5.81000e+02 9.00000e+02 1.00000e+00 -1.00000e+00 0.00000e+00
5.81000e+02 9.24000e+02 -1.00000e+00 -1.00000e+00 0.00000e+00
6.05000e+02 8.76000e+02 -1.00000e+00 1.00000e+00 0.00000e+00
6.05000e+02 9.00000e+02 1.00000e+00 1.00000e+00 0.00000e+00
6.53000e+02 8.52000e+02 1.00000e+00 1.00000e+00 0.00000e+00
6.77000e+02 8.04000e+02 1.00000e+00 -1.00000e+00 0.00000e+00
6.77000e+02 8.28000e+02 -1.00000e+00 -1.00000e+00 0.00000e+00
7.01000e+02 7.80000e+02 -1.00000e+00 1.00000e+00 0.00000e+00
7.01000e+02 8.04000e+02 1.00000e+00 1.00000e+00 0.00000e+00
7.49000e+02 7.56000e+02 -1.00000e+00 -1.00000e+00 0.00000e+00
7.73000e+02 7.08000e+02 1.00000e+00 -1.00000e+00 0.00000e+00
7.73000e+02 7.32000e+02 -1.00000e+00 -1.00000e+00 0.00000e+00
7.97000e+02 6.84000e+02 -1.00000e+00 1.00000e+00 0.00000e+00
7.97000e+02 7.08000e+02 1.00000e+00 1.00000e+00 0.00000e+00
8.45000e+02 6.60000e+02 1.00000e+00 1.00000e+00 0.00000e+00
8.69000e+02 6.12000e+02 -1.00000e+00 1.00000e+00 0.00000e+00
8.69000e+02 6.36000e+02 1.00000e+00 1.00000e+00 0.00000e+00
8.93000e+02 5.88000e+02 1.00000e+00 -1.00000e+00 0.00000e+00
8.93000e+02 6.12000e+02 -1.00000e+00 -1.00000e+00 0.00000e+00
9.41000e+02 5.64000e+02 1.00000e+00 1.00000e+00 0.00000e+00
9.65000e+02 5.16000e+02 -1.00000e+00 1.00000e+00 0.00000e+00
9.65000e+02 5.40000e+02 1.00000e+00 1.00000e+00 0.00000e+00
9.89000e+02 4.92000e+02 -1.00000e+00 1.00000e+00 0.00000e+00
9.89000e+02 5.16000e+02 1.00000e+00 1.00000e+00 0.00000e+00
5.33000e+02 9.96000e+02 1.00000e+00 -1.00000e+00 0.00000e+00
5.57000e+02 9.72000e+02 1.00000e+00 -1.00000e+00 0.00000e+00
5.57000e+02 9.96000e+02 -1.00000e+00 -1.00000e+00 0.00000e+00
5.81000e+02 9.48000e+02 -1.00000e+00 1.00000e+00 0.00000e+00
6.05000e+02 9.48000e+02 -1.00000e+00 -1.00000e+00 0.00000e+00
6.29000e+02 9.00000e+02 1.00000e+00 -1.00000e+00 0.00000e+00
6.53000e+02 8.76000e+02 -1.00000e+00 1.00000e+00 0.00000e+00
6.53000e+02 9.00000e+02 1.00000e+00 1.00000e+00 0.00000e+00
6.77000e+02 8.52000e+02 1.00000e+00 -1.00000e+00 0.00000e+00
7.01000e+02 8.52000e+02 1.00000e+00 1.00000e+00 0.00000e+00
7.25000e+02 8.04000e+02 1.00000e+00 -1.00000e+00 0.00000e+00
7.49000e+02 7.80000e+02 -1.00000e+00 1.00000e+00 0.00000e+00
7.49000e+02 8.04000e+02 1.00000e+00 1.00000e+00 0.00000e+00
7.73000e+02 7.56000e+02 -1.00000e+00 1.00000e+00 0.00000e+00
7.97000e+02 7.56000e+02 -1.00000e+00 -1.00000e+00 0.00000e+00
8.21000e+02 7.08000e+02 1.00000e+00 -1.00000e+00 0.00000e+00
8.45000e+02 6.84000e+02 -1.00000e+00 1.00000e+00 0.00000e+00
8.45000e+02 7.08000e+02 1.00000e+00 1.00000e+00 0.00000e+00
8.69000e+02 6.60000e+02 -1.00000e+00 1.00000e+00 0.00000e+00
8.93000e+02 6.60000e+02 -1.00000e+00 -1.00000e+00 0.00000e+00
9.17000e+02 6.12000e+02 1.00000e+00 -1.00000e+00 1.00000e+00
9.41000e+02 5.88000e+02 -1.00000e+00 1.00000e+00 0.00000e+00
9.41000e+02 6.12000e+02 1.00000e+00 1.00000e+00 0.00000e+00
9.65000e+02 5.64000e+02 -1.00000e+00 1.00000e+00 0.00000e+00
9.89000e+02 5.64000e+02 -1.00000e+00 -1.00000e+00 0.00000e+00
6.29000e+02 9.48000e+02 -1.00000e+00 1.00000e+00 0.00000e+00
6.29000e+02 9.72000e+02 1.00000e+00 1.00000e+00 0.00000e+00
6.53000e+02 9.24000e+02 -1.00000e+00 1.00000e+00 0.00000e+00
6.77000e+02 9.24000e+02 -1.00000e+00 -1.00000e+00 0.00000e+00
7.25000e+02 8.52000e+02 -1.00000e+00 1.00000e+00 0.00000e+00
7.25000e+02 8.76000e+02 1.00000e+00 1.00000e+00 0.00000e+00
7.49000e+02 8.28000e+02 -1.00000e+00 1.00000e+00 0.00000e+00
7.73000e+02 8.28000e+02 1.00000e+00 1.00000e+00 0.00000e+00
8.21000e+02 7.56000e+02 -1.00000e+00 1.00000e+00 0.00000e+00
8.21000e+02 7.80000e+02 -1.00000e+00 -1.00000e+00 0.00000e+00
8.45000e+02 7.32000e+02 -1.00000e+00 1.00000e+00 0.00000e+00
8.69000e+02 7.32000e+02 -1.00000e+00 -1.00000e+00 0.00000e+00
9.17000e+02 6.60000e+02 -1.00000e+00 1.00000e+00 0.00000e+00
9.17000e+02 6.84000e+02 1.00000e+00 1.00000e+00 0.00000e+00
9.41000e+02 6.36000e+02 -1.00000e+00 1.00000e+00 0.00000e+00
9.65000e+02 6.36000e+02 1.00000e+00 1.00000e+00 0.00000e+00
6.29000e+02 9.96000e+02 -1.00000e+00 1.00000e+00 0.00000e+00
6.53000e+02 9.72000e+02 1.00000e+00 -1.00000e+00 0.00000e+00
6.77000e+02 9.72000e+02 1.00000e+00 1.00000e+00 0.00000e+00
7.01000e+02 9.24000e+02 1.00000e+00 -1.00000e+00 0.00000e+00
7.01000e+02 9.48000e+02 -1.00000e+00 -1.00000e+00 0.00000e+00
7.25000e+02 9.00000e+02 -1.00000e+00 1.00000e+00 0.00000e+00
7.25000e+02 9.24000e+02 1.00000e+00 1.00000e+00 0.00000e+00
7.49000e+02 8.76000e+02 1.00000e+00 -1.00000e+00 0.00000e+00
7.73000e+02 8.76000e+02 1.00000e+00 1.00000e+00 0.00000e+00
7.97000e+02 8.28000e+02 1.00000e+00 -1.00000e+00 0.00000e+00
7.97000e+02 8.52000e+02 -1.00000e+00 -1.00000e+00 0.00000e+00
8.21000e+02 8.04000e+02 -1.00000e+00 1.00000e+00 0.00000e+00
8.21000e+02 8.28000e+02 1.00000e+00 1.00000e+00 0.00000e+00
8.45000e+02 7.80000e+02 -1.00000e+00 1.00000e+00 0.00000e+00
8.69000e+02 7.80000e+02 -1.00000e+00 -1.00000e+00 0.00000e+00
8.93000e+02 7.32000e+02 -1.00000e+00 1.00000e+00 0.00000e+00
8.93000e+02 7.56000e+02 1.00000e+00 1.00000e+00 0.00000e+00
9.17000e+02 7.08000e+02 -1.00000e+00 1.00000e+00 0.00000e+00
9.17000e+02 7.32000e+02 1.00000e+00 1.00000e+00 0.00000e+00
9.41000e+02 6.84000e+02 1.00000e+00 -1.00000e+00 0.00000e+00
9.65000e+02 6.84000e+02 1.00000e+00 1.00000e+00 0.00000e+00
9.89000e+02 6.36000e+02 1.00000e+00 -1.00000e+00 0.00000e+00
9.89000e+02 6.60000e+02 -1.00000e+00 -1.00000e+00 0.00000e+00
6.77000e+02 9.96000e+02 -1.00000e+00 1.00000e+00 0.00000e+00
7.01000e+02 9.72000e+02 1.00000e+00 -1.00000e+00 0.00000e+00
7.01000e+02 9.96000e+02 -1.00000e+00 -1.00000e+00 0.00000e+00
7.49000e+02 9.48000e+02 1.00000e+00 1.00000e+00 0.00000e+00
7.73000e+02 9.00000e+02 -1.00000e+00 1.00000e+00 0.00000e+00
7.73000e+02 9.24000e+02 1.00000e+00 1.00000e+00 0.00000e+00
7.97000e+02 8.76000e+02 1.00000e+00 -1.00000e+00 0.00000e+00
7.97000e+02 9.00000e+02 -1.00000e+00 -1.00000e+00 0.00000e+00
8.45000e+02 8.52000e+02 1.00000e+00 1.00000e+00 0.00000e+00
8.69000e+02 8.04000e+02 1.00000e+00 -1.00000e+00 0.00000e+00
8.69000e+02 8.28000e+02 -1.00000e+00 -1.00000e+00 0.00000e+00
8.93000e+02 7.80000e+02 -1.00000e+00 1.00000e+00 0.00000e+00
8.93000e+02 8.04000e+02 1.00000e+00 1.00000e+00 0.00000e+00
9.41000e+02 7.56000e+02 1.00000e+00 1.00000e+00 0.00000e+00
9.65000e+02 7.08000e+02 1.00000e+00 -1.00000e+00 0.00000e+00
9.65000e+02 7.32000e+02 1.00000e+00 1.00000e+00 1.00000e+00
9.89000e+02 6.84000e+02 1.00000e+00 -1.00000e+00 0.00000e+00
9.89000e+02 7.08000e+02 1.00000e+00 1.00000e+00 0.00000e+00
7.25000e+02 9.96000e+02 -1.00000e+00 1.00000e+00 0.00000e+00
7.49000e+02 9.72000e+02 -1.00000e+00 1.00000e+00 0.00000e+00
7.49000e+02 9.96000e+02 1.00000e+00 1.00000e+00 0.00000e+00
7.73000e+02 9.48000e+02 -1.00000e+00 1.00000e+00 0.00000e+00
7.97000e+02 9.48000e+02 1.00000e+00 1.00000e+00 0.00000e+00
8.21000e+02 9.00000e+02 -1.00000e+00 1.00000e+00 0.00000e+00
8.45000e+02 8.76000e+02 1.00000e+00 -1.00000e+00 0.00000e+00
8.45000e+02 9.00000e+02 -1.00000e+00 -1.00000e+00 0.00000e+00
8.69000e+02 8.52000e+02 1.00000e+00 -1.00000e+00 0.00000e+00
8.93000e+02 8.52000e+02 1.00000e+00 1.00000e+00 0.00000e+00
9.17000e+02 8.04000e+02 1.00000e+00 -1.00000e+00 0.00000e+00
9.41000e+02 7.80000e+02 -1.00000e+00 1.00000e+00 0.00000e+00
9.41000e+02 8.04000e+02 1.00000e+00 1.00000e+00 0.00000e+00
9.65000e+02 7.56000e+02 -1.00000e+00 1.00000e+00 0.00000e+00
9.89000e+02 7.56000e+02 -1.00000e+00 -1.00000e+00 0.00000e+00
8.21000e+02 9.48000e+02 1.00000e+00 -1.00000e+00 0.00000e+00
8.21000e+02 9.72000e+02 -1.00000e+00 -1.00000e+00 0.00000e+00
8.45000e+02 9.24000e+02 1.00000e+00 -1.00000e+00 0.00000e+00
8.69000e+02 9.24000e+02 -1.00000e+00 -1.00000e+00 0.00000e+00
9.17000e+02 8.52000e+02 1.00000e+00 -1.00000e+00 0.00000e+00
9.17000e+02 8.76000e+02 -1.00000e+00 -1.00000e+00 0.00000e+00
9.41000e+02 8.28000e+02 1.00000e+00 -1.00000e+00 0.00000e+00
9.65000e+02 8.28000e+02 1.00000e+00 1.00000e+00 0.00000e+00
8.21000e+02 9.96000e+02 1.00000e+00 -1.00000e+00 1.00000e+00
8.45000e+02 9.72000e+02 -1.00000e+00 1.00000e+00 0.00000e+00
8.69000e+02 9.72000e+02 -1.00000e+00 -1.00000e+00 0.00000e+00
8.93000e+02 9.24000e+02 -1.00000e+00 1.00000e+00 0.00000e+00
8.93000e+02 9.48000e+02 1.00000e+00 1.00000e+00 0.00000e+00
9.17000e+02 9.00000e+02 1.00000e+00 -1.00000e+00 0.00000e+00
9.17000e+02 9.24000e+02 -1.00000e+00 -1.00000e+00 0.00000e+00
9.41000e+02 8.76000e+02 -1.00000e+00 1.00000e+00 0.00000e+00
9.65000e+02 8.76000e+02 -1.00000e+00 -1.00000e+00 0.00000e+00
9.89000e+02 8.28000e+02 1.00000e+00 -1.00000e+00 0.00000e+00
9.89000e+02 8.52000e+02 1.00000e+00 1.00000e+00 0.00000e+00
8.69000e+02 9.96000e+02 1.00000e+00 -1.00000e+00 0.00000e+00
8.93000e+02 9.72000e+02 -1.00000e+00 1.00000e+00 0.00000e+00
8.93000e+02 9.96000e+02 1.00000e+00 1.00000e+00 0.00000e+00
9.41000e+02 9.48000e+02 1.00000e+00 1.00000e+00 0.00000e+00
9.65000e+02 9.00000e+02 1.00000e+00 -1.00000e+00 0.00000e+00
9.65000e+02 9.24000e+02 -1.00000e+00 -1.00000e+00 0.00000e+00
9.89000e+02 8.76000e+02 -1.00000e+00 1.00000e+00 0.00000e+00
9.89000e+02 9.00000e+02 1.00000e+00 1.00000e+00 0.00000e+00
9.17000e+02 9.96000e+02 1.00000e+00 -1.00000e+00 0.00000e+00
9.41000e+02 9.72000e+02 -1.00000e+00 1.00000e+00 0.00000e+00
9.41000e+02 9.96000e+02 1.00000e+00 1.00000e+00 0.00000e+00
9.65000e+02 9.48000e+02 1.00000e+00 -1.00000e+00 1.00000e+00
9.89000e+02 9.48000e+02 -1.00000e+00 -1.00000e+00 0.00000e+00
